1480611886.24 1.93 1.14 4.72 1.04
1480611889.21 0.22 0.08 3.00 1.32
1480611890.75 0.22 0.13 4.82 1.09
1480611892.06 0.30 0.17 4.58 0.80
1480611893.16 0.30 0.34 9.17 21.61
1480611915.07 5.49 5.67 8.27 15.94
1480611936.5 1.55 4.20 21.69 1.62
1480611939.67 0.57 2.56 35.97 8.40
1480611948.64 0.96 4.20 35.02 5.92
1480611955.52 1.91 4.55 19.06 1.22
1480611958.65 1.58 7.12 36.03 1.57
1480611961.8 0.47 4.20 71.53 1.90
1480611964.17 0.13 4.20 258.61 1.12
1480611965.42 0.09 2.82 250.76 1.19
1480611966.7 0.09 4.20 373.55 2.63
1480611969.42 0.09 4.20 373.55 1.04
1480611970.55 0.06 2.82 376.61 2.04
1480611972.65 0.17 4.20 197.76 1.93
1480611974.75 0.12 4.20 280.16 1.05
1480611975.92 0.18 3.14 139.70 1.07
1480611977.17 0.19 4.20 176.95 2.06
1480611979.42 0.46 4.20 73.09 1.87
1480611981.75 0.31 2.84 73.20 0.86
1480611982.92 0.27 4.20 124.52 2.23
1480611985.42 0.25 4.20 134.48 0.98
1480611986.65 0.09 2.66 236.24 1.18
1480611987.92 0.17 4.20 197.76 2.08
1480611990.17 0.25 4.20 134.48 2.00
1480611992.42 0.15 2.69 143.44 1.08
1480611993.65 0.19 4.20 176.95 0.83
1480611994.67 0.05 0.34 55.17 1.03
1480611995.75 0.19 4.20 176.95 2.26
1480611998.2 0.09 2.59 230.20 1.13
1480611999.42 0.16 4.20 210.12 1.08
1480612000.66 0.21 4.20 160.09 2.05
1480612002.92 0.08 2.77 276.73 1.15
1480612004.15 0.08 4.20 420.25 2.05
1480612006.28 0.11 4.20 305.63 2.67
1480612009.06 0.30 6.96 185.72 2.06
1480612011.42 0.36 4.20 93.39 1.89
1480612013.67 0.15 2.61 139.46 1.10
1480612014.92 0.29 4.20 115.93 2.21
1480612017.42 0.45 4.54 80.75 1.69
1480612019.56 0.12 2.54 169.63 0.92
1480612020.6 0.11 4.20 305.63 1.21
1480612021.92 0.17 4.20 197.76 2.08
1480612024.17 0.12 2.74 182.67 1.13
1480612025.42 0.22 4.20 152.82 2.28
1480612027.92 0.13 4.20 258.61 2.00
1480612030.05 0.09 2.65 235.69 1.03
1480612031.17 0.19 4.20 176.95 1.06
1480612032.42 0.21 4.20 160.09 2.29
1480612034.92 0.10 2.81 224.48 0.98
1480612036.0 0.2 4.55 181.85 2.22
1480612038.42 0.13 4.20 258.61 2.00
1480612040.55 0.12 2.79 185.67 1.00
1480612041.67 0.08 4.20 420.25 2.30
1480612044.05 0.10 4.20 336.20 1.27
1480612045.42 0.08 2.69 269.45 1.01
1480612046.51 0.10 4.20 336.20 2.31
1480612048.92 0.10 4.20 336.20 2.40
1480612051.42 0.10 2.81 225.01 0.93
1480612052.45 0.08 4.20 420.25 1.39
1480612053.92 0.09 4.20 373.55 2.27
1480612056.28 0.11 3.16 229.47 1.53
1480612057.92 0.14 4.20 240.14 2.09
1480612060.15 0.13 4.20 258.61 0.89
1480612061.17 0.06 2.80 373.82 2.19
1480612063.42 0.23 4.20 146.17 1.02
1480612064.67 0.22 4.20 152.82 2.03
1480612066.92 0.13 2.81 172.95 1.15
1480612068.2 0.11 4.20 305.63 2.11
1480612070.42 0.09 4.20 373.55 2.24
1480612072.75 0.06 2.57 342.50 0.99
1480612073.8 0.09 4.20 373.55 2.28
1480612076.17 0.19 4.20 176.95 1.06
1480612077.42 0.18 3.17 140.82 1.1
1480612078.7 0.13 4.20 258.61 2.09
1480612080.92 0.31 4.20 108.45 2.06
1480612083.29 0.15 2.61 139.06 0.98
1480612084.42 0.27 4.20 124.52 1.23
1480612085.92 0.48 4.20 70.04 2.02
1480612088.42 0.14 2.78 159.08 1.00
1480612089.56 0.16 4.20 210.12 1.95
1480612091.67 0.16 4.20 210.12 2.09
1480612093.92 0.11 2.56 186.14 1.13
1480612095.16 0.10 4.20 336.20 2.16
1480612097.42 0.37 4.54 98.23 1.91
1480612099.7 0.41 6.76 131.90 1.81
1480612101.92 0.22 4.20 152.82 2.28
1480612104.42 0.45 2.59 45.98 0.78
1480612105.65 0.30 4.20 112.07 1.97
1480612107.92 0.14 4.20 240.14 2.11
1480612110.17 0.18 2.83 125.68 0.90
1480612111.25 0.11 4.20 305.63 1.06
1480612112.42 0.17 4.20 197.76 2.33
1480612114.92 0.07 2.85 325.85 1.17
1480612116.16 0.28 4.55 130.04 1.98
1480612118.42 0.16 4.20 210.12 2.09
1480612120.67 0.09 2.76 245.49 0.99
1480612121.75 0.19 4.20 176.95 2.26
1480612124.2 0.11 4.20 305.63 1.11
1480612125.42 0.08 2.70 270.03 1.15
1480612126.65 0.15 4.20 224.13 2.37
1480612129.17 0.22 4.20 152.82 1.03
1480612130.42 0.26 2.79 85.84 1.92
1480612132.6 0.33 4.20 101.88 0.99
1480612133.92 0.32 4.20 105.06 2.04
1480612136.28 0.21 2.99 113.96 1.01
1480612137.5 0.37 4.20 90.86 1.80
1480612139.67 0.21 4.20 160.09 2.17
1480612142.05 0.11 2.73 198.51 1.26
1480612143.42 0.10 4.20 336.20 2.03
1480612145.55 0.17 4.20 197.76 1.20
1480612146.92 0.19 4.20 176.95 2.29
1480612149.4 0.31 4.20 108.45 2.21
1480612151.92 0.64 4.20 52.53 0.61
1480612153.17 0.69 4.20 48.72 1.56
1480612155.42 2.06 8.32 32.30 0.94
1480612158.42 0.55 4.20 61.13 1.95
1480612160.92 0.24 4.20 140.08 1.89
1480612163.05 0.20 2.58 103.08 1.17
1480612164.42 0.43 4.20 78.19 1.42
1480612166.27 0.63 4.20 53.36 1.02
1480612167.92 0.27 2.59 76.59 1.86
1480612170.05 0.53 4.20 63.43 0.84
1480612171.42 0.66 4.20 50.94 1.59
1480612173.67 1.00 4.54 36.36 1.60
1480612176.27 0.66 4.20 50.94 0.74
1480612177.67 0.69 4.20 48.72 1.81
1480612180.17 0.64 4.20 52.53 1.61
1480612182.42 0.75 4.20 44.83 0.53
1480612183.7 0.58 3.56 49.17 1.87
1480612186.15 2.18 8.40 30.84 1.59
1480612189.92 0.71 2.80 31.55 9.77
1480612200.4 1.63 8.40 41.25 4.43
1480612206.46 0.22 2.69 97.64 0.74
1480612207.42 2.15 19.76 73.54 1.67
1480612211.24 0.36 4.20 93.39 7.57
1480612219.17 0.33 2.82 68.35 11.07
1480612230.57 2.23 14.08 50.50 4.74
1480612237.54 0.53 4.33 65.35 12.01
1480612250.08 0.39 3.03 62.24 4.31
1480612254.78 0.30 0.13 3.54 2.55
1480612257.63 0.61 4.27 55.98 1.46
1480612259.7 1.04 8.40 64.65 1.68
1480612262.42 0.38 3.68 77.46 1.66
1480612264.46 0.73 4.37 47.84 1.19
1480612266.38 0.42 4.20 80.05 1.93
1480612268.73 1.08 7.03 52.07 1.66
1480612271.47 0.27 2.72 80.45 1.93
1480612273.67 0.32 4.20 105.06 1.53
1480612275.52 0.10 0.35 27.77 2.33
1480612277.95 0.48 4.20 70.04 1.99
1480612280.42 0.23 2.78 96.71 1.02
1480612281.67 0.25 4.20 134.48 1.88
1480612283.8 0.37 4.20 90.86 2.08
1480612286.25 0.29 2.80 77.19 9.31
1480612295.85 0.57 2.87 40.32 1.38
1480612297.8 0.28 4.20 120.07 2.17
1480612300.25 0.22 4.20 152.82 0.95
1480612301.42 0.12 2.82 187.82 1.16
1480612302.7 0.22 4.20 152.82 2.00
1480612304.92 0.21 4.20 160.09 2.12
1480612307.25 0.49 2.80 45.68 0.68
1480612308.42 0.71 4.20 47.35 0.79
1480612309.92 0.66 4.20 50.94 1.84
1480612312.42 0.40 2.56 51.25 0.73
1480612313.55 0.37 4.20 90.86 2.00
1480612315.92 0.13 0.34 20.79 4.39
1480612320.44 0.18 2.63 117.01 9.58
1480612330.2 0.96 29.42 245.14 1.76
1480612332.92 0.17 3.52 165.68 2.16
1480612335.25 0.32 4.20 105.06 0.71
1480612336.28 0.07 0.34 39.23 1.00
1480612337.35 0.16 4.20 210.12 0.91
1480612338.42 0.11 2.80 203.67 1.97
1480612340.5 0.13 4.20 258.61 2.29
1480612342.92 0.13 4.20 258.61 1.37
1480612344.42 0.08 2.70 270.01 1.17
1480612345.67 0.20 4.20 168.10 2.05
1480612347.92 0.12 4.20 280.16 1.13
1480612349.17 0.09 2.80 248.87 2.09
1480612351.35 0.18 4.20 186.78 0.89
1480612352.42 0.14 4.20 240.14 2.11
1480612354.67 0.07 2.83 323.73 1.16
1480612355.9 0.18 4.54 201.93 2.34
1480612358.42 0.18 4.20 186.78 2.21
1480612360.81 0.08 2.78 278.24 0.96
1480612361.85 0.12 4.20 280.16 1.98
1480612363.95 0.16 4.20 210.12 1.31
1480612365.42 0.13 2.81 173.07 1.12
1480612366.67 0.21 4.20 160.09 2.54
1480612369.42 0.16 4.20 210.12 1.02
1480612370.6 0.1 2.65 212.05 2.0
1480612372.7 0.1 4.20 336.20 1.12
1480612373.92 0.10 4.20 336.20 2.15
1480612376.17 0.14 3.15 179.77 0.95
1480612377.26 0.12 4.20 280.16 2.04
1480612379.42 0.11 4.20 305.63 2.39
1480612381.92 0.08 2.58 258.07 1.17
1480612383.17 0.10 4.20 336.20 2.03
1480612385.3 0.1 4.20 336.20 1.02
1480612386.42 0.08 2.71 270.94 1.42
1480612387.92 0.09 4.20 373.55 2.16
1480612390.17 0.14 4.20 240.14 2.11
1480612392.42 0.15 4.20 224.13 2.18
1480612394.75 0.18 4.20 186.78 1.24
1480612396.17 0.15 4.55 242.50 1.93
1480612398.25 0.10 4.20 336.20 2.00
1480612400.35 0.10 4.20 336.20 2.00
1480612402.45 0.14 3.86 220.44 1.33
1480612403.92 0.08 4.20 420.25 2.27
1480612406.27 0.15 4.20 224.13 2.25
1480612408.67 0.10 2.90 232.01 1.03
1480612409.8 0.13 4.20 258.61 2.32
1480612412.25 0.12 4.20 280.16 1.05
1480612413.42 0.09 2.83 251.39 1.19
1480612414.7 0.23 4.20 146.17 1.99
1480612416.92 0.38 4.55 95.80 2.06
1480612419.36 0.12 2.72 181.35 0.94
1480612420.42 0.08 4.20 420.25 1.42
1480612421.92 0.07 4.20 480.28 2.43
1480612424.42 0.08 2.75 274.74 1.06
1480612425.56 0.19 4.20 176.95 1.92
1480612427.67 0.13 4.20 258.61 1.95
1480612429.75 0.10 2.81 224.72 1.07
1480612430.92 0.15 4.20 224.13 2.18
1480612433.25 0.16 4.20 210.12 1.01
1480612434.42 0.12 2.77 184.99 1.13
1480612435.67 0.04 0.35 69.51 0.56
1480612436.27 0.15 4.20 224.13 1.50
1480612437.92 0.16 4.20 210.12 2.34
1480612440.42 0.22 2.82 102.67 1.02
1480612441.66 0.48 4.20 70.04 1.78
1480612443.92 0.59 4.20 56.98 1.69
1480612446.2 0.55 6.89 100.19 1.92
1480612448.67 0.33 4.20 101.88 1.92
1480612450.92 0.25 2.77 88.57 0.98
1480612452.15 0.24 4.20 140.08 2.03
1480612454.42 0.14 4.20 240.14 1.09
1480612455.65 0.09 0.34 30.24 0.53
1480612456.27 0.11 2.74 198.98 1.37
1480612457.75 0.08 4.20 420.25 2.37
1480612460.2 0.1 4.20 336.20 1.12
1480612461.42 0.06 2.53 337.74 1.18
1480612462.66 0.20 4.20 168.10 2.06
1480612464.92 0.16 4.20 210.12 2.34
1480612467.42 0.16 2.60 130.23 1.02
1480612468.6 0.14 4.20 240.14 1.96
1480612470.7 0.25 4.20 134.48 0.97
1480612471.92 0.32 4.20 105.06 1.93
1480612474.17 0.11 4.20 305.63 1.14
1480612475.42 0.09 0.34 30.47 0.76
1480612476.27 0.12 4.20 280.16 2.71
1480612479.1 0.22 4.20 152.82 2.10
1480612481.42 0.17 4.20 197.76 1.01
1480612482.6 0.12 3.54 236.30 1.20
1480612483.92 0.16 4.20 210.12 2.09
1480612486.17 0.13 4.20 258.61 2.25
1480612488.55 0.10 2.80 223.96 1.27
1480612489.92 0.11 4.20 305.63 2.02
1480612492.05 0.12 4.20 280.16 1.25
1480612493.42 0.09 2.70 239.69 0.99
1480612494.5 0.1 4.20 336.20 1.68
1480612496.28 0.48 4.55 75.81 2.66
1480612499.42 0.06 2.80 373.93 0.98
1480612500.46 0.15 4.20 224.13 2.29
1480612502.9 0.11 4.20 305.63 0.91
1480612503.92 0.10 2.83 226.58 2.03
1480612506.05 0.11 4.20 305.63 2.26
1480612508.42 0.21 4.20 160.09 1.29
1480612509.92 0.08 2.79 278.82 0.96
1480612510.96 0.07 4.20 480.28 2.39
1480612513.42 0.09 4.20 373.55 2.00
1480612515.51 0.11 3.15 228.88 0.65
1480612516.27 0.10 4.20 336.20 1.55
1480612517.92 0.08 4.20 420.25 2.42
1480612520.42 0.09 2.66 236.12 0.95
1480612521.46 0.12 4.20 280.16 2.09
1480612523.67 0.09 4.20 373.55 2.24
1480612526.0 0.1 2.81 224.58 1.07
1480612527.17 0.11 4.20 305.63 1.14
1480612528.42 0.08 4.20 420.25 3.43
1480612531.93 0.19 6.79 285.74 2.05
1480612534.17 0.08 4.20 420.25 1.17
1480612535.42 0.03 0.34 90.25 0.82
1480612536.27 0.11 2.70 196.53 1.54
1480612537.92 0.15 4.20 224.13 1.93
1480612540.0 0.11 4.20 305.63 2.31
1480612542.42 0.12 4.20 280.16 0.96
1480612543.5 0.1 4.20 336.20 2.35
1480612545.95 0.13 4.20 258.61 2.34
1480612548.42 0.10 4.20 336.20 0.93
1480612549.45 0.10 4.20 336.20 2.35
1480612551.9 0.09 3.85 342.47 2.01
1480612554.0 0.09 4.20 373.55 1.33
1480612555.42 0.08 4.20 420.25 0.95
1480612556.45 0.03 0.35 92.31 1.02
1480612557.5 0.15 2.90 154.45 1.02
1480612558.67 0.15 4.20 224.13 2.35
1480612561.17 0.13 4.20 258.61 2.12
1480612563.42 0.14 2.84 162.39 0.94
1480612564.5 0.08 4.20 420.25 1.34
1480612565.92 0.10 4.20 336.20 2.15
1480612568.17 0.05 2.72 435.43 1.19
1480612569.41 0.15 4.20 224.13 2.36
1480612571.92 0.09 4.20 373.55 1.16
1480612573.17 0.07 2.74 313.50 2.11
1480612575.35 0.10 4.20 336.20 0.83
1480612576.28 0.51 4.55 71.37 2.38
1480612579.17 0.08 2.81 280.77 1.01
1480612580.26 0.09 4.20 373.55 2.07
1480612582.42 0.07 4.20 480.28 2.31
1480612584.8 0.07 2.78 317.16 1.05
1480612585.92 0.12 4.20 280.16 1.13
1480612587.17 0.09 4.20 373.55 2.16
1480612589.42 0.07 2.82 322.07 1.27
1480612590.76 0.10 4.20 336.20 2.06
1480612592.92 0.09 4.20 373.55 2.29
1480612595.3 0.08 2.69 268.62 0.90
1480612596.28 0.18 4.54 201.99 2.34
1480612598.8 0.08 4.20 420.25 1.04
1480612599.92 0.08 2.79 279.47 1.17
1480612601.17 0.15 4.20 224.13 2.10
1480612603.42 0.10 4.20 336.20 2.28
1480612605.8 0.08 2.74 273.85 1.04
1480612606.92 0.18 4.20 186.78 2.32
1480612609.42 0.19 4.20 176.95 1.06
1480612610.67 0.06 2.54 339.29 2.07
1480612612.8 0.2 4.20 168.10 1.17
1480612614.17 0.15 4.20 224.13 1.96
1480612616.28 0.18 2.99 133.04 0.96
1480612617.42 0.10 4.20 336.20 2.28
1480612619.8 0.09 4.20 373.55 2.36
1480612622.25 0.08 4.20 420.25 1.09
1480612623.42 0.09 4.20 373.55 2.24
1480612625.75 0.09 4.20 373.55 2.33
1480612628.17 0.10 4.20 336.20 2.15
1480612630.42 0.10 4.20 336.20 1.22
1480612631.74 0.09 3.44 306.10 2.32
1480612634.15 0.09 4.20 373.55 1.18
1480612635.42 0.16 4.20 210.12 1.02
1480612636.6 0.04 0.35 69.37 1.01
1480612637.65 0.11 2.81 204.24 0.91
1480612638.67 0.09 4.20 373.55 2.16
1480612640.92 0.15 4.20 224.13 2.18
1480612643.25 0.09 2.69 239.38 1.08
1480612644.42 0.13 4.20 258.61 1.72
1480612646.27 0.09 4.20 373.55 1.56
1480612647.92 0.07 2.75 313.83 1.18
1480612649.17 0.14 4.20 240.14 2.11
1480612651.42 0.11 4.20 305.63 2.39
1480612653.92 0.13 2.82 173.82 1.11
