1480649591.54 0.46 2.86 49.82 0.85
1480649592.85 0.43 7.16 133.26 0.69
1480649593.97 1.89 25.28 107.01 4.86
1480649600.72 0.05 1.70 272.67 3.70
1480649604.47 0.07 0.33 38.17 0.96
1480649605.5 0.06 1.71 227.68 5.91
1480649611.47 0.05 1.71 273.64 5.18
1480649616.7 0.04 1.70 340.67 4.81
1480649621.55 0.08 1.70 169.59 3.59
1480649625.22 0.04 0.34 68.09 1.21
1480649626.47 0.06 1.70 226.63 5.19
1480649631.72 0.07 1.73 197.70 5.43
1480649637.22 0.06 1.70 226.86 4.27
1480649641.55 0.03 0.35 93.09 1.89
1480649643.47 0.07 1.70 194.28 5.01
1480649648.55 0.04 1.70 340.68 5.13
1480649653.72 0.06 1.72 228.84 5.19
1480649658.97 0.06 1.70 226.41 3.69
1480649662.72 0.03 0.35 92.39 1.20
1480649663.95 0.04 1.71 341.05 5.91
1480649669.9 0.05 1.70 272.18 4.77
1480649674.72 0.04 1.72 344.43 5.96
1480649680.72 0.07 1.70 193.85 4.18
1480649684.97 0.11 2.03 147.84 5.82
1480649690.9 0.1 1.74 139.52 4.8
1480649695.8 0.05 1.69 270.40 5.70
1480649701.55 0.04 1.72 343.78 3.88
1480649705.47 0.03 0.34 91.22 1.15
1480649706.65 0.09 1.72 152.85 5.98
1480649712.72 0.06 1.71 228.66 4.72
1480649717.5 0.06 1.71 227.86 3.99
1480649721.55 0.03 0.34 91.97 1.17
1480649722.75 0.05 1.70 272.12 5.92
1480649728.72 0.06 1.71 227.70 5.17
1480649733.95 0.04 1.69 338.83 4.86
1480649738.85 0.08 1.71 171.00 3.79
1480649742.72 0.04 0.34 67.31 2.21
1480649744.97 0.06 1.71 227.52 4.94
1480649749.97 0.07 1.71 195.15 4.91
1480649754.95 0.04 1.71 341.91 4.86
1480649759.85 0.04 1.71 342.02 5.08
1480649764.97 0.12 2.04 136.26 5.96
1480649771.05 0.05 1.70 271.84 5.2
1480649776.3 0.05 1.70 271.96 4.85
1480649781.2 0.05 1.73 276.60 4.97
1480649786.22 0.03 0.34 91.57 1.22
1480649787.47 0.04 1.70 340.77 4.89
1480649792.4 0.07 1.71 195.16 4.83
1480649797.3 0.05 1.69 270.32 4.20
1480649801.55 0.07 0.35 39.67 0.85
1480649802.47 0.05 1.72 275.57 5.20
1480649807.72 0.05 1.69 270.82 5.98
1480649813.75 0.04 1.74 347.86 5.18
1480649818.97 0.04 1.69 338.29 3.96
1480649822.97 0.03 0.34 91.69 1.25
1480649824.25 0.09 1.71 152.21 5.16
1480649829.5 0.05 1.71 272.86 4.85
1480649834.4 0.05 1.71 272.94 5.55
1480649840.0 0.06 1.75 233.36 4.91
1480649844.97 0.10 2.03 162.39 5.40
1480649850.47 0.06 1.72 228.74 5.92
1480649856.45 0.05 1.71 273.01 4.5
1480649861.0 0.09 1.72 153.05 5.38
1480649866.47 0.12 2.06 137.02 4.96
1480649871.55 0.04 1.71 341.24 5.86
1480649877.45 0.12 1.71 113.99 3.65
1480649881.22 0.05 0.34 54.56 1.08
1480649882.35 0.10 1.69 135.44 5.85
1480649888.3 0.08 1.72 171.73 5.17
1480649893.55 0.05 1.71 273.54 5.12
1480649898.72 0.06 1.70 227.20 3.69
1480649902.47 0.03 0.34 89.43 2.22
1480649904.72 0.04 1.71 342.00 5.21
1480649909.97 0.06 1.70 227.02 4.19
1480649914.22 0.06 1.70 226.00 6.22
1480649920.5 0.08 1.71 170.63 3.89
1480649924.47 0.03 0.34 91.84 1.25
1480649925.75 0.06 1.71 227.61 5.16
1480649930.97 0.04 1.73 346.66 5.21
1480649936.22 0.08 1.70 169.92 5.25
1480649941.55 0.08 1.70 170.38 4.59
1480649952.35 0.04 1.73 345.29 4.86
1480649957.25 0.04 1.71 341.39 4.26
1480649961.55 0.03 0.35 92.68 0.89
1480649962.47 0.08 1.73 173.04 5.17
1480649967.72 0.12 1.69 112.74 6.13
1480649973.97 0.07 1.71 195.41 4.91
1480649978.95 0.05 1.71 273.63 3.72
1480649982.72 0.03 0.34 90.72 1.10
1480649983.85 0.04 1.71 341.81 5.91
1480649989.8 0.04 1.75 349.76 5.13
1480649994.97 0.07 1.69 193.52 5.18
1480650000.22 0.10 1.71 136.94 3.65
1480650003.97 0.08 0.34 34.28 2.17
1480650006.22 0.06 1.70 227.30 4.19
1480650010.47 0.05 1.72 275.23 5.88
1480650016.4 0.04 1.71 342.28 4.78
1480650021.22 0.07 1.71 195.33 4.68
1480650025.97 0.03 0.35 92.24 1.22
1480650027.22 0.06 1.71 228.19 4.87
1480650032.15 0.08 1.69 169.38 5.17
1480650037.4 0.05 1.71 273.63 3.77
1480650041.22 0.03 0.34 89.37 1.05
1480650042.3 0.04 1.71 341.96 5.91
1480650048.25 0.08 1.70 170.49 5.17
1480650053.5 0.08 1.71 171.07 5.17
1480650058.75 0.06 1.70 227.07 3.66
1480650062.47 0.03 0.34 90.25 2.47
1480650064.97 0.06 1.69 225.68 3.94
1480650068.97 0.07 1.71 194.97 5.43
1480650074.47 0.04 1.71 341.62 6.29
1480650080.8 0.08 1.74 173.56 3.59
1480650084.47 0.03 0.35 92.31 1.2
1480650085.7 0.06 1.70 226.94 4.49
1480650090.25 0.06 1.71 227.39 6.24
1480650096.55 0.05 1.70 272.46 4.95
1480650101.55 0.04 1.73 345.34 4.13
1480650105.72 0.03 0.35 92.69 1.30
1480650107.05 0.06 1.70 227.15 5.11
1480650112.22 0.11 1.73 125.60 5.14
1480650117.47 0.06 1.69 225.46 4.02
1480650121.55 0.05 0.34 54.76 1.2
1480650122.8 0.05 1.71 273.44 5.20
1480650128.05 0.04 1.71 342.54 5.21
1480650133.3 0.04 1.71 341.77 5.21
1480650138.55 0.08 1.75 174.94 4.34
1480650142.97 0.03 0.34 89.53 1.15
1480650144.15 0.13 1.70 104.62 5.12
1480650149.4 0.07 1.71 195.59 4.83
1480650154.3 0.04 1.71 341.35 5.91
1480650160.25 0.04 1.71 341.58 4.43
1480650164.72 0.03 0.35 92.49 1.10
1480650165.85 0.07 1.71 195.18 4.80
1480650170.72 0.06 1.70 227.12 5.19
1480650175.97 0.05 1.70 272.55 5.23
1480650181.25 0.05 1.70 272.00 5.17
1480650186.47 0.10 2.04 163.55 6.40
1480650192.97 0.06 1.71 227.74 3.97
1480650197.0 0.06 1.71 227.50 4.41
1480650201.47 0.03 0.33 89.02 1.1
1480650202.6 0.07 1.71 195.77 5.53
1480650208.2 0.07 1.71 195.23 4.83
1480650213.1 0.12 1.69 112.90 5.25
1480650218.47 0.04 1.71 342.05 3.97
1480650222.48 0.02 0.34 136.70 2.22
1480650224.72 0.09 1.70 150.76 5.09
1480650229.9 0.06 1.72 228.94 4.84
1480650234.8 0.05 1.69 270.66 5.12
1480650239.97 0.05 1.69 270.36 4.95
1480650244.97 0.13 2.04 125.75 6.15
1480650251.25 0.07 1.71 195.92 4.83
1480650256.15 0.06 1.70 227.17 4.84
1480650261.05 0.11 1.72 125.41 4.06
1480650265.22 0.03 0.35 92.42 1.05
1480650266.3 0.05 1.71 273.28 6.62
1480650272.97 0.08 1.71 170.86 3.92
1480650276.97 0.10 1.71 136.73 4.48
1480650281.55 0.03 0.34 90.67 0.64
1480650282.22 0.05 1.71 273.23 6.08
1480650288.35 0.07 1.73 198.26 4.83
1480650293.25 0.06 1.69 225.63 5.16
1480650298.47 0.09 1.70 151.42 3.91
1480650302.47 0.03 0.34 91.67 2.47
1480650304.97 0.04 1.71 341.59 3.96
1480650308.97 0.06 1.71 228.40 5.92
1480650314.95 0.05 1.71 273.72 5.72
1480650320.72 0.10 1.70 136.02 3.90
1480650324.72 0.03 0.34 91.53 1.05
1480650325.8 0.04 1.71 342.94 5.21
1480650331.05 0.04 1.70 340.82 5.21
1480650336.3 0.06 1.72 229.53 4.84
1480650341.2 0.06 1.71 228.40 4.71
1480650345.97 0.03 0.34 90.01 1.15
1480650347.15 0.06 1.70 226.99 4.84
1480650352.05 0.04 1.71 342.75 5.13
1480650357.22 0.04 1.71 341.97 4.21
1480650361.47 0.06 0.34 45.46 1.02
1480650362.55 0.06 1.71 228.22 5.11
1480650367.72 0.06 1.69 225.72 5.19
1480650372.97 0.07 1.69 192.88 5.96
1480650379.0 0.05 1.72 275.35 3.67
1480650382.72 0.03 0.35 92.64 2.22
1480650384.97 0.06 1.70 226.59 3.94
1480650388.97 0.04 1.70 340.14 6.09
1480650395.1 0.07 1.70 194.24 4.83
1480650400.0 0.05 1.71 273.00 4.92
1480650404.97 0.16 2.05 102.61 6.07
1480650411.2 0.05 1.72 275.07 5.20
1480650416.45 0.04 1.70 340.57 4.48
1480650420.97 0.06 1.71 228.27 5.44
1480650426.47 0.16 2.05 102.27 4.92
1480650431.55 0.07 1.70 194.48 6.18
1480650437.8 0.04 1.73 345.41 3.63
1480650441.47 0.03 0.34 90.40 1.2
1480650442.7 0.04 1.69 337.89 6.23
1480650448.97 0.17 1.70 80.01 4.76
1480650453.9 0.07 1.73 197.38 4.83
1480650458.8 0.07 1.71 195.29 3.60
1480650462.47 0.03 0.35 92.13 2.47
1480650464.97 0.05 1.71 273.43 3.95
1480650468.97 0.04 1.71 341.08 6.21
1480650475.22 0.07 1.72 196.50 5.18
1480650480.47 0.06 1.70 226.71 3.69
1480650484.22 0.05 0.34 54.36 1.13
1480650485.4 0.07 1.70 194.64 5.18
1480650490.65 0.05 1.72 275.04 6.02
1480650496.72 0.07 1.70 194.74 4.71
1480650501.5 0.04 1.72 343.41 3.68
1480650505.22 0.03 0.33 89.23 1.15
1480650506.4 0.06 1.71 227.82 6.24
1480650512.7 0.06 1.73 231.05 5.19
1480650517.95 0.09 1.69 150.57 3.51
1480650521.55 0.03 0.34 91.29 1.64
1480650523.22 0.07 1.71 195.03 5.43
1480650528.72 0.04 1.73 346.60 4.94
1480650533.7 0.06 1.72 228.67 4.84
1480650538.6 0.09 1.71 151.75 3.78
1480650542.47 0.03 0.35 93.42 2.22
1480650544.72 0.07 1.70 194.07 5.01
1480650549.8 0.05 1.70 272.41 4.85
1480650554.7 0.05 1.71 273.52 6.22
1480650560.97 0.04 1.74 347.54 3.96
1480650564.97 0.13 2.03 125.14 5.37
1480650570.47 0.07 1.70 194.05 6.18
1480650576.72 0.06 1.71 227.36 4.77
1480650581.55 0.05 1.70 272.54 4.37
1480650585.97 0.03 0.34 90.64 1.25
1480650587.25 0.04 1.75 349.47 4.86
1480650592.15 0.08 1.69 168.97 4.82
1480650597.05 0.06 1.71 227.49 4.44
1480650601.55 0.06 0.35 46.06 0.61
1480650602.22 0.08 1.71 171.28 6.3
1480650608.6 0.06 1.71 227.69 4.81
1480650613.47 0.04 1.70 340.85 5.21
1480650618.72 0.07 1.70 194.22 3.93
1480650622.72 0.07 0.34 39.25 1.18
1480650623.97 0.07 1.71 195.38 5.56
1480650629.6 0.06 1.69 224.81 5.19
1480650634.85 0.06 1.71 228.19 6.06
1480650640.97 0.05 1.72 275.57 3.95
1480650644.97 0.11 2.05 149.31 5.14
1480650650.22 0.06 1.71 227.48 6.19
1480650656.47 0.06 1.71 227.64 5.02
1480650661.55 0.07 1.72 196.73 3.85
1480650665.47 0.03 0.34 90.23 1.2
1480650666.7 0.07 1.69 192.75 6.20
1480650672.97 0.04 1.70 340.40 3.96
1480650676.97 0.07 1.73 198.00 4.51
1480650681.55 0.03 0.34 91.66 1.64
1480650683.22 0.06 1.72 229.17 5.12
1480650688.4 0.05 1.70 272.49 4.85
1480650693.3 0.06 1.70 226.56 4.86
1480650698.22 0.04 1.71 341.29 4.96
1480650703.22 0.07 0.35 39.64 1.18
1480650704.47 0.09 1.71 152.27 5.16
1480650709.72 0.06 1.70 226.65 5.19
1480650714.97 0.06 1.71 227.52 5.22
1480650720.25 0.05 1.70 272.02 3.67
1480650723.97 0.03 0.34 90.91 1.15
1480650725.15 0.05 1.71 273.07 5.55
1480650730.75 0.04 1.71 341.41 5.18
1480650735.97 0.08 1.73 172.59 5.20
1480650741.25 0.06 1.69 225.69 3.91
1480650745.22 0.06 0.34 45.08 1.19
1480650746.47 0.06 1.71 228.06 5.19
1480650751.72 0.06 1.72 229.45 5.19
1480650756.97 0.04 1.70 340.58 4.54
1480650761.55 0.03 0.34 91.93 1.39
1480650762.97 0.08 1.71 171.07 5.15
1480650768.2 0.07 1.70 193.98 4.83
1480650773.1 0.05 1.71 273.19 5.32
1480650778.47 0.07 1.70 194.40 4.93
1480650783.47 0.03 0.34 90.73 1.15
1480650784.65 0.04 1.72 343.72 4.28
1480650788.97 0.07 1.72 196.18 6.11
1480650795.15 0.06 1.72 228.68 4.84
1480650800.05 0.05 1.71 273.07 4.87
1480650804.97 0.12 2.06 137.32 6.16
1480650811.25 0.06 1.73 230.02 4.84
1480650816.15 0.04 1.69 337.99 4.86
1480650821.05 0.06 1.70 226.76 5.11
1480650826.22 0.13 2.05 126.26 5.87
1480650832.22 0.05 1.73 276.46 4.88
1480650837.15 0.06 1.70 226.84 4.26
1480650841.47 0.03 0.35 93.14 1.25
1480650842.75 0.04 1.70 340.43 5.18
1480650847.97 0.10 1.70 135.78 5.18
1480650853.25 0.06 1.73 230.60 5.16
1480650858.47 0.11 1.70 123.66 4.89
1480650863.47 0.06 0.35 46.35 1.27
1480650864.8 0.05 1.69 270.55 5.12
1480650869.97 0.04 1.70 340.99 4.94
1480650874.95 0.06 1.71 227.96 4.84
1480650879.85 0.06 1.70 227.18 5.06
1480650884.97 0.13 2.05 126.31 5.87
1480650890.97 0.10 1.69 135.30 4.88
1480650895.95 0.05 1.71 273.43 4.97
1480650900.97 0.04 1.72 343.29 4.96
1480650905.97 0.03 0.34 91.70 1.15
1480650907.15 0.06 1.70 227.28 4.84
1480650912.05 0.06 1.71 228.49 5.11
1480650917.22 0.09 1.69 150.24 3.91
1480650921.22 0.03 0.34 91.74 1.30
1480650922.55 0.05 1.71 273.47 6.37
1480650928.97 0.04 1.71 341.43 4.74
1480650933.75 0.07 1.71 195.17 5.15
1480650938.97 0.06 1.71 228.05 3.94
1480650942.97 0.03 0.34 89.46 1.25
1480650944.25 0.07 1.71 195.57 4.83
1480650949.15 0.09 1.72 152.58 5.86
1480650955.1 0.04 1.74 347.07 4.86
1480650960.0 0.07 1.70 194.20 3.90
1480650963.97 0.03 0.34 90.50 1.25
1480650965.25 0.09 1.69 150.59 4.88
1480650970.22 0.07 1.70 194.29 5.43
1480650975.72 0.06 1.71 227.79 5.19
1480650980.97 0.05 1.71 274.24 4.70
1480650985.72 0.05 0.35 55.47 1.18
1480650986.95 0.04 1.70 339.60 5.73
1480650992.72 0.05 1.70 271.89 4.95
1480650997.72 0.06 1.70 226.78 3.77
1480651001.55 0.03 0.35 92.65 1.39
1480651002.97 0.08 1.71 171.33 5.25
1480651008.3 0.05 1.70 272.11 4.87
1480651013.22 0.04 1.71 342.84 5.72
1480651018.98 0.07 1.71 195.62 3.92
1480651022.97 0.03 0.34 90.91 1.05
1480651024.05 0.08 1.72 171.59 5.09
1480651029.22 0.07 1.70 194.27 5.26
1480651034.55 0.05 1.69 270.42 5.12
1480651039.72 0.04 1.70 340.53 5.21
1480651044.97 0.15 2.03 108.41 6.23
1480651051.35 0.11 1.72 125.19 4.79
1480651056.25 0.06 1.71 228.02 4.84
1480651061.15 0.09 1.72 153.00 5.23
1480651066.47 0.12 2.05 136.92 5.13
1480651071.72 0.04 1.71 341.13 6.19
1480651077.95 0.07 1.70 194.79 3.53
1480651081.55 0.03 0.34 90.77 1.27
1480651082.85 0.06 1.71 227.51 6.06
1480651088.97 0.05 1.71 274.23 3.95
1480651092.97 0.07 1.72 196.26 6.18
1480651099.22 0.04 1.70 339.59 3.71
1480651102.97 0.05 0.33 53.36 1.18
1480651104.2 0.07 1.73 197.50 4.70
1480651108.97 0.06 1.71 227.93 5.94
1480651114.97 0.06 1.69 224.75 5.19
1480651120.22 0.05 1.69 270.37 3.95
1480651124.22 0.03 0.34 91.18 1.22
1480651125.47 0.04 1.71 341.19 4.94
1480651130.45 0.05 1.74 278.00 6.22
1480651136.72 0.06 1.70 227.07 4.77
1480651141.55 0.06 1.70 227.21 3.86
1480651145.47 0.07 0.35 39.55 1.01
1480651146.55 0.06 1.70 227.31 5.11
1480651151.72 0.05 1.71 273.07 5.98
1480651157.75 0.04 1.69 338.31 3.68
1480651161.47 0.03 0.35 92.42 1.15
1480651162.65 0.07 1.73 198.06 5.18
1480651167.9 0.11 1.70 123.77 4.97
1480651172.98 0.06 1.71 228.13 5.71
1480651178.75 0.05 1.71 273.88 3.92
1480651182.72 0.03 0.34 90.66 1.22
1480651183.97 0.04 1.68 336.40 5.21
1480651189.22 0.06 1.71 228.19 5.19
1480651194.47 0.07 1.71 195.01 5.18
1480651199.72 0.07 1.72 196.21 4.93
1480651204.72 0.03 0.35 92.37 1.22
