1480642432.86 0.13 0.07 4.09 1.37
1480642434.36 1.39 18.81 108.26 1.72
1480642437.47 0.03 0.34 90.97 1.18
1480642438.68 0.07 2.99 341.26 2.47
1480642441.22 0.10 4.20 336.20 4.71
1480642446.03 0.14 4.20 240.14 3.30
1480642449.47 0.10 2.86 228.95 2.40
1480642451.97 0.10 4.20 336.20 4.46
1480642456.53 0.16 4.20 210.12 2.03
1480642458.72 0.06 0.35 46.31 1.19
1480642459.97 0.06 3.08 410.53 2.76
1480642462.79 0.09 4.20 373.55 4.50
1480642467.38 0.08 4.20 420.25 3.07
1480642470.53 0.07 3.00 343.23 3.43
1480642474.03 0.07 4.20 480.28 3.43
1480642477.53 0.19 4.55 191.56 3.31
1480642481.03 0.12 3.10 206.64 3.38
1480642484.53 0.10 4.20 336.20 3.40
1480642488.03 0.13 4.20 258.61 3.31
1480642491.47 0.09 2.98 264.49 3.41
1480642494.97 0.09 4.20 373.55 4.91
1480642499.97 0.14 4.55 259.84 2.36
1480642502.47 0.06 2.95 393.33 2.44
1480642504.97 0.19 4.20 176.95 4.57
1480642509.73 0.21 4.20 160.09 3.28
1480642513.22 0.06 2.91 388.24 2.44
1480642515.72 0.09 4.20 373.55 4.42
1480642520.23 0.23 4.54 157.99 4.51
1480642524.97 0.08 2.93 292.77 2.18
1480642527.23 0.12 4.20 280.16 3.73
1480642531.08 0.07 4.20 480.28 3.32
1480642534.47 0.06 2.98 396.84 2.19
1480642536.72 0.03 0.34 91.65 0.98
1480642537.73 0.17 4.20 197.76 3.33
1480642541.23 0.10 4.20 336.20 4.80
1480642546.13 0.08 2.91 291.26 2.02
1480642548.23 0.09 4.20 373.55 4.47
1480642552.79 0.14 4.20 240.14 4.04
1480642556.97 0.12 2.94 195.99 1.13
1480642558.22 0.03 0.34 91.04 1.18
1480642559.43 0.09 4.20 373.55 4.45
1480642563.97 0.09 4.20 373.55 3.41
1480642567.47 0.06 2.94 391.72 2.40
1480642569.93 0.25 4.20 134.48 4.29
1480642574.47 0.08 4.20 420.25 2.17
1480642576.72 0.03 0.33 89.07 1.22
1480642577.97 0.09 2.99 265.77 2.37
1480642580.43 0.08 4.20 420.25 3.71
1480642584.22 0.08 4.20 420.25 3.42
1480642587.72 0.06 2.98 397.85 3.50
1480642591.28 0.10 4.20 336.20 3.75
1480642595.13 0.08 4.20 420.25 2.01
1480642597.22 0.08 0.34 34.05 0.98
1480642598.28 0.12 2.86 190.87 3.38
1480642601.78 0.15 4.20 224.13 3.35
1480642605.28 0.09 4.20 373.55 4.46
1480642609.83 0.06 3.04 404.85 2.33
1480642612.22 0.14 4.20 240.14 3.77
1480642616.13 0.11 4.20 305.63 3.23
1480642619.47 0.03 0.35 93.09 1.18
1480642620.68 0.07 3.02 344.59 2.03
1480642622.78 0.10 4.20 336.20 4.59
1480642627.47 0.10 4.20 336.20 3.61
1480642631.18 0.07 3.05 348.40 2.03
1480642633.28 0.08 4.20 420.25 4.82
1480642638.18 0.15 4.55 242.61 3.35
1480642641.68 0.07 2.99 342.13 2.22
1480642643.97 0.11 4.20 305.63 4.60
1480642648.68 0.12 4.20 280.16 3.38
1480642652.18 0.19 2.92 123.15 3.10
1480642655.47 0.27 4.20 124.52 3.44
1480642659.18 0.20 4.54 181.69 3.30
1480642662.68 0.06 2.90 386.51 2.39
1480642665.13 0.09 4.20 373.55 4.81
1480642670.03 0.17 4.20 197.76 3.27
1480642673.47 0.06 2.93 390.42 2.45
1480642675.98 0.10 4.20 336.20 4.89
1480642680.97 0.17 4.54 213.86 2.33
1480642683.47 0.10 2.99 239.29 3.90
1480642687.47 0.13 4.20 258.61 3.78
1480642691.38 0.12 4.20 280.16 3.03
1480642694.53 0.10 2.94 235.21 2.59
1480642697.22 0.17 4.55 213.99 4.83
1480642702.22 0.09 4.20 373.55 3.41
1480642705.72 0.06 2.92 389.05 2.69
1480642708.47 0.09 4.20 373.55 4.23
1480642712.79 0.11 4.20 305.63 2.63
1480642715.53 0.07 2.94 336.37 2.37
1480642717.97 0.08 0.34 33.65 0.98
1480642719.03 0.09 4.20 373.55 3.67
1480642722.79 0.18 4.20 186.78 3.25
1480642726.22 0.08 2.95 295.29 3.23
1480642729.53 0.09 4.20 373.55 30.09
