1481039318.02 1.34 9.34 55.74 0.55
1481039319.91 0.51 22.70 356.11 2.14
1481039322.56 0.03 0.34 90.97 0.99
1481039323.58 0.06 2.99 398.14 2.42
1481039326.06 0.06 4.20 560.33 4.46
1481039330.58 0.07 4.20 480.28 4.66
1481039335.31 0.05 2.86 457.89 2.22
1481039337.58 0.07 4.20 480.28 3.78
1481039341.43 0.07 4.20 480.28 2.06
1481039343.56 0.03 0.35 92.63 0.99
1481039344.58 0.06 3.08 410.53 3.41
1481039348.05 0.07 4.20 480.28 3.81
1481039351.93 0.07 4.20 480.28 3.56
1481039355.56 0.06 3.00 400.44 3.66
1481039359.28 0.07 4.20 480.28 3.43
1481039362.78 0.13 4.55 279.97 3.37
1481039366.28 0.06 3.10 413.27 3.44
1481039369.78 0.07 4.20 480.28 3.43
1481039373.28 0.07 4.20 480.28 3.43
1481039376.78 0.06 2.98 396.74 3.72
1481039380.56 0.07 4.20 480.28 3.50
1481039384.13 0.13 4.55 279.83 3.37
1481039387.63 0.06 2.95 393.33 2.39
1481039390.08 0.07 4.20 480.28 4.83
1481039394.98 0.07 4.20 480.28 4.26
1481039399.31 0.05 2.91 465.89 2.27
1481039401.63 0.07 4.20 480.28 3.78
1481039405.48 0.13 4.54 279.51 4.45
1481039410.06 0.05 2.93 468.43 2.37
1481039412.48 0.11 4.20 305.63 3.72
1481039416.31 0.07 4.20 480.28 3.43
1481039419.81 0.05 2.98 476.21 1.20
1481039421.06 0.03 0.34 91.65 1.19
1481039422.28 0.07 4.20 480.28 4.83
1481039427.18 0.07 4.20 480.28 3.08
1481039430.33 0.05 2.91 466.01 2.43
1481039432.81 0.07 4.20 480.28 4.45
1481039437.33 0.07 4.20 480.28 3.41
1481039440.81 0.05 2.94 470.36 2.70
1481039443.56 0.13 4.54 279.62 4.36
1481039448.05 0.07 4.20 480.28 4.19
1481039452.31 0.05 2.94 470.06 2.47
1481039454.83 0.07 4.20 480.28 3.78
1481039458.68 0.07 4.20 480.28 3.56
1481039462.31 0.11 3.32 241.74 3.61
1481039466.03 0.07 4.20 480.28 3.46
1481039469.56 0.07 4.20 480.28 3.40
1481039473.03 0.05 2.98 477.42 3.45
1481039476.53 0.07 4.20 480.28 3.71
1481039480.31 0.06 4.20 560.33 2.19
1481039482.56 0.03 0.34 90.79 1.29
1481039483.88 0.05 2.86 458.09 2.40
1481039486.33 0.11 4.20 305.63 4.79
1481039491.23 0.07 4.20 480.28 3.43
1481039494.73 0.06 3.04 404.85 2.39
1481039497.18 0.07 4.20 480.28 4.81
1481039502.06 0.07 4.20 480.28 2.18
1481039504.31 0.03 0.35 93.09 1.22
1481039505.56 0.05 3.02 482.43 2.42
1481039508.03 0.07 4.20 480.28 4.46
1481039512.56 0.06 4.20 560.33 3.46
1481039516.08 0.06 3.05 406.47 2.39
1481039518.53 0.07 4.20 480.28 4.48
1481039523.08 0.17 4.55 214.07 3.31
1481039526.56 0.05 2.99 478.98 2.70
1481039529.31 0.06 4.20 560.33 3.86
1481039533.23 0.07 4.20 480.28 4.48
1481039537.78 0.05 2.92 467.99 2.05
1481039539.88 0.07 4.20 480.28 4.61
1481039544.56 0.13 4.54 279.52 3.36
1481039548.05 0.05 2.90 463.81 2.28
1481039550.38 0.07 4.20 480.28 4.83
1481039555.28 0.07 4.20 480.28 3.43
1481039558.78 0.05 2.93 468.50 2.23
1481039561.06 0.07 4.20 480.28 4.65
1481039565.78 0.20 4.54 181.78 3.58
1481039569.56 0.13 2.99 184.07 2.37
1481039572.06 0.08 4.20 420.25 4.14
1481039576.28 0.11 4.20 305.63 3.39
1481039579.78 0.08 2.94 294.01 1.20
1481039581.06 0.03 0.34 91.97 1.14
1481039582.23 0.10 4.20 336.20 4.98
1481039587.31 0.11 4.20 305.63 3.21
1481039590.63 0.10 2.92 233.43 2.35
1481039593.08 0.09 4.20 373.55 4.64
1481039597.81 0.12 4.20 280.16 3.20
1481039601.13 0.07 2.94 336.37 1.11
1481039602.31 0.03 0.34 89.75 1.22
1481039603.56 0.09 4.20 373.55 4.40
1481039608.05 0.11 4.20 305.63 4.17
1481039612.33 0.08 2.95 295.29 2.37
1481039614.78 0.10 4.20 336.20 3.75
1481039618.63 0.15 4.20 224.13 2.28
1481039621.06 0.03 0.34 90.10 1.04
1481039622.13 0.11 2.99 217.62 2.82
1481039625.06 0.10 4.20 336.20 4.90
1481039630.06 0.11 4.20 305.63 3.16
1481039633.33 0.07 2.87 328.07 3.41
1481039636.81 0.17 4.20 197.76 3.35
1481039640.33 0.17 4.20 197.76 2.06
1481039642.56 0.03 0.34 91.57 1.24
1481039643.83 0.09 3.03 269.37 2.64
1481039646.56 0.09 4.20 373.55 4.66
1481039651.31 0.09 4.20 373.55 2.66
1481039654.06 0.10 3.07 245.63 3.67
1481039657.83 0.11 4.20 305.63 3.74
1481039661.68 0.09 4.20 373.55 2.04
1481039663.81 0.03 0.35 92.57 0.99
1481039664.83 0.11 3.04 221.02 3.11
1481039668.05 0.09 4.20 373.55 3.69
1481039671.83 0.09 4.20 373.55 3.39
1481039675.31 0.07 3.05 348.57 3.43
1481039678.81 0.11 -4290.76 -312055.62 3.41
1481039682.33 0.17 4.55 213.94 3.56
1481039686.06 0.07 2.94 336.17 3.20
1481039689.33 0.10 4.20 336.20 4.63
1481039694.06 0.15 4.20 224.13 3.17
1481039697.38 0.16 2.90 144.92 2.29
1481039699.83 0.11 4.20 305.63 5.12
1481039705.06 0.17 4.54 213.66 2.82
1481039708.05 0.08 2.93 293.16 2.90
1481039711.03 0.09 4.20 373.55 3.41
1481039714.53 0.13 4.20 258.61 3.65
1481039718.31 0.08 2.97 297.40 2.42
1481039720.81 0.09 4.20 373.55 4.48
1481039725.38 0.16 4.55 227.28 4.52
1481039730.06 0.08 2.90 289.87 2.24
1481039732.38 0.09 4.20 373.55 3.41
1481039735.88 0.15 4.20 224.13 3.28
1481039739.31 0.07 2.94 335.87 2.43
1481039741.81 0.03 0.34 90.94 1.04
1481039742.88 0.10 4.20 336.20 3.40
1481039746.38 0.12 4.20 280.16 4.78
1481039751.28 0.10 2.93 234.65 2.00
1481039753.38 0.08 4.20 420.25 4.59
1481039758.05 0.10 4.20 336.20 2.41
1481039760.56 0.07 2.94 336.33 2.18
1481039762.81 0.03 0.34 89.43 1.04
1481039763.88 0.11 4.20 305.63 5.07
1481039769.06 0.12 4.20 280.16 2.13
1481039771.31 0.11 2.97 216.17 2.64
1481039774.06 0.07 4.20 480.28 5.15
1481039779.28 0.09 4.20 373.55 2.19
1481039781.56 0.03 0.34 91.84 1.19
1481039782.78 0.07 2.90 330.92 2.38
1481039785.23 0.11 4.20 305.63 3.74
1481039789.08 0.12 4.20 280.16 3.61
1481039792.81 0.07 3.06 349.76 3.20
1481039796.08 0.11 4.20 305.63 4.62
1481039800.81 0.10 4.20 336.20 2.15
1481039803.06 0.03 0.35 92.83 1.04
1481039804.13 0.09 3.07 272.72 2.34
1481039806.56 0.09 4.20 373.55 4.66
1481039811.31 0.09 4.20 373.55 3.23
1481039814.63 0.07 3.07 351.02 2.38
1481039817.08 0.09 4.20 373.55 4.89
1481039822.06 0.10 4.20 336.20 2.40
1481039824.56 0.15 3.45 183.83 3.34
1481039828.05 0.09 4.20 373.55 4.67
1481039832.81 0.10 4.20 336.20 3.40
1481039836.31 0.12 3.01 200.66 2.35
1481039838.78 0.10 4.20 336.20 4.68
1481039843.56 0.17 4.54 213.77 3.10
1481039846.83 0.09 2.88 256.36 2.36
1481039849.28 0.09 4.20 373.55 4.44
1481039853.81 0.14 4.20 240.14 3.38
1481039857.33 0.13 2.94 180.71 2.60
1481039860.06 0.10 4.20 336.20 4.90
1481039865.06 0.17 4.55 213.89 2.33
1481039867.56 0.08 2.98 298.20 3.67
1481039871.31 0.11 4.20 305.63 3.76
1481039875.18 0.11 4.20 305.63 3.04
1481039878.33 0.13 2.90 178.63 2.60
1481039881.06 0.09 4.20 373.55 4.53
1481039885.68 0.13 4.55 279.90 3.02
1481039888.83 0.09 2.94 261.41 3.41
1481039892.33 0.07 4.20 480.28 3.78
1481039896.18 0.07 4.20 480.28 3.08
1481039899.33 0.05 2.93 468.86 2.68
1481039902.06 0.13 4.54 279.24 4.49
1481039906.68 0.11 4.20 305.63 3.39
1481039910.18 0.06 2.94 391.81 2.82
1481039913.06 0.07 4.20 480.28 4.92
1481039918.05 0.07 4.20 480.28 2.56
1481039920.68 0.05 2.97 475.85 2.33
1481039923.06 0.03 0.34 90.25 1.09
1481039924.18 0.07 4.20 480.28 4.81
1481039929.06 0.07 4.20 480.28 2.18
1481039931.31 0.05 2.90 463.48 2.70
1481039934.06 0.07 4.20 480.28 5.10
1481039939.23 0.07 4.20 480.28 2.26
1481039941.56 0.03 0.35 92.31 1.14
1481039942.73 0.06 3.08 410.63 2.04
1481039944.83 0.07 4.20 480.28 4.91
1481039949.81 0.07 4.20 480.28 3.68
1481039953.56 0.05 3.06 489.22 2.42
1481039956.03 0.07 4.20 480.28 4.46
1481039960.56 0.07 4.20 480.28 2.18
1481039962.81 0.03 0.35 92.69 1.24
1481039964.08 0.06 3.04 405.32 2.39
1481039966.53 0.07 4.20 480.28 4.48
1481039971.08 0.07 4.20 480.28 3.41
1481039974.56 0.05 3.11 497.20 2.45
1481039977.06 0.07 4.20 480.28 4.45
1481039981.58 0.07 4.20 480.28 2.16
1481039983.81 0.03 0.34 91.27 1.22
1481039985.06 0.05 3.02 482.97 2.94
1481039988.05 0.07 4.20 480.28 3.96
1481039992.08 0.07 4.20 480.28 3.41
1481039995.56 0.05 2.89 462.44 2.70
1481039998.31 0.07 4.20 480.28 4.93
1481040003.31 0.13 4.54 279.27 3.34
1481040006.78 0.06 2.98 397.31 2.39
1481040009.23 0.07 4.20 480.28 4.51
1481040013.81 0.07 4.20 480.28 3.40
1481040017.28 0.09 2.94 261.39 3.19
1481040020.56 0.07 4.20 480.28 3.93
1481040024.56 0.13 4.55 279.96 3.36
1481040028.05 0.05 2.92 466.73 2.46
1481040030.56 0.07 4.20 480.28 3.68
1481040034.31 0.07 4.20 480.28 3.67
1481040038.05 0.05 2.90 464.20 2.98
1481040041.08 0.07 4.20 480.28 5.16
1481040046.31 0.17 4.54 213.76 3.58
1481040050.06 0.05 2.92 467.27 2.52
1481040052.63 0.07 4.20 480.28 3.43
1481040056.13 0.07 4.20 480.28 3.36
1481040059.56 0.06 2.87 383.28 1.44
1481040061.06 0.03 0.33 89.02 0.99
1481040062.08 0.07 4.20 480.28 4.83
1481040066.98 0.07 4.20 480.28 3.43
1481040070.48 0.06 3.02 402.17 2.52
1481040073.06 0.07 4.20 480.28 4.68
1481040077.81 0.07 4.20 480.28 3.43
1481040081.31 0.05 2.89 462.32 1.20
1481040082.56 0.03 0.34 91.13 1.19
1481040083.78 0.07 4.20 480.28 4.20
1481040088.05 0.07 4.20 480.28 4.06
1481040092.18 0.06 3.04 405.57 2.32
1481040094.56 0.09 4.20 373.55 3.83
1481040098.48 0.11 4.20 305.63 3.22
1481040101.81 0.03 0.35 92.21 1.19
1481040103.03 0.10 2.99 238.97 2.00
1481040105.13 0.09 4.20 373.55 4.84
1481040110.06 0.08 4.20 420.25 3.39
1481040113.53 0.08 3.03 302.59 2.02
1481040115.63 0.09 4.20 373.55 5.16
1481040120.88 0.10 4.20 336.20 2.08
1481040123.06 0.03 0.35 92.42 1.22
1481040124.31 0.08 3.06 305.63 2.42
1481040126.81 0.09 4.20 373.55 3.43
1481040130.33 0.10 4.20 336.20 4.80
1481040135.23 0.09 2.97 264.41 2.01
1481040137.33 0.09 4.20 373.55 3.76
1481040141.18 0.11 4.20 305.63 3.27
1481040144.56 0.14 3.34 190.83 3.13
1481040147.83 0.12 4.20 280.16 4.61
1481040152.56 0.10 4.20 336.20 3.57
1481040156.23 0.10 2.97 237.48 2.00
1481040158.33 0.11 4.20 305.63 4.79
1481040163.23 0.18 4.55 202.05 2.97
1481040166.38 0.08 2.94 293.78 2.37
1481040168.83 0.09 4.20 373.55 4.81
1481040173.73 0.09 4.20 373.55 3.18
1481040177.0 0.08 2.95 294.90 3.30
1481040180.38 0.19 4.20 176.95 4.49
1481040185.06 0.17 4.55 213.92 2.15
1481040187.38 0.10 2.91 232.70 3.40
1481040190.88 0.09 4.20 373.55 3.41
1481040194.38 0.11 4.20 305.63 3.56
1481040198.05 0.07 2.96 337.80 3.26
1481040201.38 0.12 4.20 280.16 3.73
1481040205.23 0.18 4.54 201.78 4.40
1481040209.81 0.09 2.87 255.05 2.68
1481040212.58 0.10 4.20 336.20 3.75
1481040216.43 0.11 4.20 305.63 3.04
1481040219.58 0.07 2.97 339.58 2.41
1481040222.06 0.19 4.54 191.30 4.33
1481040226.58 0.10 4.20 336.20 4.45
1481040231.13 0.08 2.87 286.73 2.35
1481040233.56 0.17 4.20 197.76 4.32
1481040238.05 0.11 4.20 305.63 3.90
1481040242.06 0.12 2.96 197.26 1.13
1481040243.31 0.03 0.35 92.64 1.09
1481040244.43 0.12 4.20 280.16 3.50
1481040248.05 0.11 4.20 305.63 3.62
1481040251.78 0.07 3.00 342.75 2.46
1481040254.31 0.09 4.20 373.55 3.91
1481040258.31 0.11 4.20 305.63 3.39
1481040261.81 0.03 0.35 93.00 1.14
1481040262.98 0.08 3.05 305.40 2.02
1481040265.08 0.13 4.20 258.61 4.60
1481040269.81 0.10 4.20 336.20 3.57
1481040273.48 0.07 3.11 355.42 2.38
1481040275.93 0.12 4.20 280.16 5.01
1481040281.06 0.10 4.20 336.20 1.07
1481040282.23 0.03 0.34 90.94 2.05
1481040284.31 0.12 2.97 198.05 2.35
1481040286.78 0.12 4.20 280.16 3.66
1481040290.56 0.08 4.20 420.25 3.42
1481040294.06 0.07 2.98 340.91 3.43
1481040297.56 0.09 4.20 373.55 3.83
1481040301.48 0.11 4.20 305.63 2.22
1481040303.81 0.03 0.34 90.40 1.14
1481040304.98 0.08 2.94 294.08 2.99
1481040308.05 0.11 4.20 305.63 4.90
1481040313.06 0.11 4.20 305.63 3.36
1481040316.53 0.10 2.97 237.50 2.00
1481040318.63 0.11 4.20 305.63 4.82
1481040323.56 0.14 4.55 259.88 3.33
1481040327.03 0.07 2.93 334.70 2.03
1481040329.13 0.11 4.20 305.63 4.57
1481040333.81 0.10 4.20 336.20 3.62
1481040337.53 0.08 2.93 292.81 2.02
1481040339.63 0.09 4.20 373.55 4.81
1481040344.53 0.18 4.54 201.87 3.32
1481040348.03 0.07 2.94 335.52 2.03
1481040350.13 0.10 4.20 336.20 4.08
1481040354.31 0.10 4.20 336.20 3.64
1481040358.05 0.06 2.95 392.93 3.20
1481040361.31 0.11 4.20 305.63 3.76
1481040365.18 0.18 4.54 201.65 3.45
1481040368.81 0.09 2.98 265.07 3.63
1481040372.53 0.11 4.20 305.63 3.67
1481040376.31 0.11 4.20 305.63 3.46
1481040379.88 0.09 2.84 252.59 2.34
1481040382.31 0.16 4.54 227.24 4.41
1481040386.88 0.10 4.20 336.20 3.33
1481040390.31 0.08 2.99 298.90 3.49
1481040393.88 0.09 4.20 373.55 3.41
1481040397.38 0.09 4.20 373.55 3.34
1481040400.81 0.07 3.09 353.62 2.43
1481040403.31 0.03 0.35 93.42 1.04
1481040404.38 0.10 4.20 336.20 3.40
1481040407.88 0.11 4.20 305.63 3.32
1481040411.31 0.10 3.01 241.15 3.47
1481040414.88 0.09 4.20 373.55 3.41
1481040418.38 0.09 4.20 373.55 3.59
1481040422.06 0.14 3.41 194.96 3.53
1481040425.73 0.11 4.20 305.63 3.97
1481040429.81 0.10 4.20 336.20 3.17
1481040433.08 0.08 2.93 293.23 3.65
1481040436.81 0.13 4.20 258.61 3.49
1481040440.43 0.11 4.20 305.63 2.02
1481040442.56 0.03 0.34 90.64 0.99
1481040443.58 0.10 2.96 236.40 2.63
1481040446.31 0.10 4.20 336.20 4.87
1481040451.28 0.13 4.20 258.61 3.37
1481040454.78 0.08 2.97 297.34 2.20
1481040457.06 0.12 4.20 280.16 4.60
1481040461.78 0.12 4.20 280.16 2.16
1481040464.06 0.03 0.35 92.13 1.19
1481040465.28 0.09 2.97 264.41 2.68
1481040468.05 0.08 4.20 420.25 4.15
1481040472.28 0.10 4.20 336.20 3.40
1481040475.78 0.07 2.92 333.88 2.21
1481040478.06 0.08 4.20 420.25 4.92
1481040483.06 0.16 4.55 227.30 3.34
1481040486.56 0.07 2.93 335.11 2.45
1481040489.08 0.14 4.20 240.14 4.59
1481040493.81 0.10 4.20 336.20 3.57
1481040497.48 0.10 2.91 232.53 2.00
1481040499.58 0.08 4.20 420.25 5.15
1481040504.81 0.17 4.54 213.54 3.07
1481040508.05 0.07 2.97 338.86 2.66
1481040510.78 0.10 4.20 336.20 4.43
1481040515.31 0.15 4.20 224.13 3.35
1481040518.81 0.08 2.98 297.84 2.74
1481040521.63 0.09 4.20 373.55 3.76
1481040525.48 0.15 4.54 242.18 3.18
1481040528.81 0.07 2.96 338.37 3.60
1481040532.48 0.10 4.20 336.20 3.73
1481040536.31 0.10 4.20 336.20 3.42
1481040539.83 0.07 2.97 339.67 1.16
1481040541.06 0.03 0.34 91.66 1.19
1481040542.28 0.11 4.20 305.63 4.79
1481040547.18 0.17 4.20 197.76 2.98
1481040550.33 0.10 3.07 245.32 2.63
1481040553.06 0.11 4.20 305.63 4.51
1481040557.68 0.11 4.20 305.63 3.04
1481040560.83 0.08 3.03 302.84 2.40
1481040563.31 0.18 4.55 202.19 4.56
1481040568.05 0.10 4.20 336.20 3.18
1481040571.33 0.09 3.05 271.38 3.41
1481040574.83 0.15 4.20 224.13 3.35
1481040578.33 0.11 4.20 305.63 3.37
1481040581.81 0.03 0.34 90.91 1.04
1481040582.88 0.07 2.95 336.97 2.38
1481040585.33 0.10 4.20 336.20 4.88
1481040590.31 0.09 4.20 373.55 2.41
1481040592.81 0.12 3.00 200.04 3.60
1481040596.53 0.09 4.20 373.55 3.76
1481040600.38 0.10 4.20 336.20 2.08
1481040602.56 0.04 0.34 67.63 1.21
1481040603.81 0.07 2.94 336.28 2.45
1481040606.33 0.10 4.20 336.20 4.80
1481040611.23 0.10 4.20 336.20 3.05
1481040614.38 0.07 3.02 345.04 2.36
1481040616.81 0.11 4.20 305.63 4.81
1481040621.73 0.13 4.20 258.61 1.95
1481040623.81 0.03 0.34 91.93 1.04
1481040624.88 0.11 2.96 215.06 3.06
1481040628.05 0.08 4.20 420.25 4.43
1481040632.56 0.10 4.20 336.20 3.40
1481040636.06 0.08 2.91 290.59 2.39
1481040638.53 0.10 4.20 336.20 4.45
1481040643.08 0.17 4.54 213.77 3.31
1481040646.56 0.10 2.92 233.73 2.37
1481040649.03 0.09 4.20 373.55 4.46
1481040653.58 0.09 4.20 373.55 3.41
1481040657.08 0.08 2.96 296.07 3.40
1481040660.56 0.14 4.20 240.14 3.38
1481040664.08 0.18 4.54 201.70 3.30
1481040667.56 0.08 2.97 297.29 2.67
1481040670.31 0.10 4.20 336.20 4.52
1481040674.93 0.11 4.20 305.63 3.04
1481040678.08 0.09 2.98 264.54 2.64
1481040680.81 0.12 4.20 280.16 4.50
1481040685.43 0.16 4.55 227.41 2.99
1481040688.58 0.11 2.97 216.09 3.39
1481040692.08 0.09 4.20 373.55 4.64
1481040696.81 0.10 4.20 336.20 3.22
1481040700.13 0.08 3.05 305.47 1.10
1481040701.31 0.03 0.35 93.14 1.22
1481040702.56 0.09 4.20 373.55 4.13
1481040706.78 0.09 4.20 373.55 3.69
1481040710.56 0.08 3.00 299.71 2.44
1481040713.08 0.10 4.20 336.20 4.87
1481040718.05 0.10 4.20 336.20 2.41
1481040720.56 0.08 3.06 305.62 2.42
1481040723.06 0.03 0.35 92.70 1.19
1481040724.28 0.17 4.20 197.76 3.60
1481040728.05 0.15 4.20 224.13 3.11
1481040731.31 0.08 2.92 291.51 3.39
1481040734.78 0.19 4.20 176.95 3.59
1481040738.56 0.11 4.20 305.63 3.39
1481040742.06 0.14 3.31 188.99 3.36
1481040745.56 0.10 4.20 336.20 3.47
1481040749.13 0.11 4.20 305.63 3.32
1481040752.56 0.15 2.99 159.39 3.11
1481040755.82 0.09 4.20 373.55 5.15
1481040761.06 0.13 4.20 258.61 2.37
1481040763.56 0.14 3.30 188.77 2.61
1481040766.31 0.10 4.20 336.20 4.77
1481040771.18 0.12 4.20 280.16 3.03
1481040774.33 0.10 2.95 235.97 2.38
1481040776.81 0.11 4.20 305.63 4.41
1481040781.33 0.12 4.20 280.16 2.11
1481040783.56 0.03 0.34 91.74 1.22
1481040784.81 0.08 2.87 287.26 3.16
1481040788.05 0.09 4.20 373.55 3.69
1481040791.83 0.11 4.20 305.63 3.37
1481040795.31 0.08 2.94 293.54 3.42
1481040798.81 0.11 4.20 305.63 3.76
1481040802.68 0.19 4.54 191.07 4.19
1481040807.06 0.10 2.95 236.35 2.17
1481040809.33 0.12 4.20 280.16 4.86
1481040814.31 0.09 4.20 373.55 2.41
1481040816.81 0.07 3.00 342.54 3.65
1481040820.53 0.10 4.20 336.20 3.75
1481040824.38 0.17 4.54 213.73 3.33
1481040827.88 0.09 2.94 261.64 2.36
1481040830.33 0.09 4.20 373.55 4.12
1481040834.54 0.10 4.20 336.20 4.44
1481040839.08 0.06 2.98 397.25 2.39
1481040841.53 0.10 4.20 336.20 3.75
1481040845.38 0.16 4.55 227.46 3.34
1481040848.88 0.08 3.06 305.75 3.85
1481040852.81 0.09 4.20 373.55 3.68
1481040856.58 0.08 4.20 420.25 3.42
1481040860.08 0.06 2.98 397.24 1.17
1481040861.31 0.03 0.35 92.65 1.19
1481040862.53 0.10 4.20 336.20 3.75
1481040866.38 0.10 4.20 336.20 4.83
1481040871.31 0.11 3.02 219.41 1.41
1481040872.83 0.10 4.20 336.20 5.00
1481040877.93 0.10 4.20 336.20 3.40
1481040881.43 0.14 2.99 170.85 1.00
1481040882.57 0.03 0.34 90.91 1.21
1481040883.81 0.08 4.20 420.25 4.16
1481040888.05 0.08 4.20 420.25 4.43
1481040892.56 0.07 2.98 341.05 2.45
1481040895.08 0.12 4.20 280.16 3.73
1481040898.93 0.12 4.20 280.16 2.26
1481040901.31 0.03 0.34 89.62 1.09
1481040902.43 0.10 2.92 233.54 2.35
1481040904.88 0.14 4.20 240.14 5.29
1481040910.31 0.15 4.20 224.13 2.10
1481040912.56 0.07 2.98 340.46 3.45
1481040916.08 0.14 4.20 240.14 3.71
1481040919.93 0.09 4.20 373.55 2.29
1481040922.31 0.03 0.35 92.45 1.09
1481040923.43 0.10 2.94 235.03 3.40
1481040926.93 0.11 4.20 305.63 3.74
1481040930.78 0.10 4.20 336.20 3.75
1481040934.63 0.10 2.93 234.64 2.35
1481040937.08 0.09 4.20 373.55 4.81
1481040941.98 0.09 4.20 373.55 2.25
1481040944.32 0.03 0.34 90.77 1.13
1481040945.48 0.07 2.93 334.74 2.38
1481040947.93 0.11 4.20 305.63 4.77
1481040952.81 0.11 4.20 305.63 2.39
1481040955.31 0.10 2.96 236.67 3.65
1481040959.06 0.10 4.20 336.20 3.47
1481040962.63 0.16 4.54 226.80 3.27
1481040966.06 0.07 3.01 344.30 3.43
1481040969.56 0.09 4.20 373.55 4.66
1481040974.31 0.10 4.20 336.20 2.22
1481040976.63 0.07 2.97 338.90 3.78
1481040980.48 0.11 4.20 305.63 3.74
1481040984.33 0.23 4.54 158.07 3.27
1481040987.83 0.11 2.92 212.51 2.34
1481040990.28 0.09 4.20 373.55 3.94
1481040994.31 0.11 4.20 305.63 3.63
1481040998.05 0.07 3.14 359.37 2.69
1481041000.81 0.13 4.20 258.61 4.39
1481041005.33 0.17 4.55 214.05 3.33
1481041008.83 0.10 3.02 241.63 3.40
1481041012.33 0.10 4.20 336.20 4.11
1481041016.54 0.10 4.20 336.20 3.72
1481041020.36 0.07 3.01 344.00 1.13
1481041021.56 0.03 0.35 92.42 1.22
1481041022.81 0.11 4.20 305.63 3.76
1481041026.68 0.11 4.20 305.63 4.09
1481041030.88 0.11 3.01 218.63 2.33
1481041033.32 0.10 4.20 336.20 4.63
1481041038.05 0.09 4.20 373.55 3.67
1481041041.81 0.07 2.98 340.13 1.44
1481041043.32 0.03 0.34 90.66 1.18
1481041044.53 0.12 4.20 280.16 3.40
1481041048.05 0.09 4.20 373.55 3.74
1481041051.88 0.07 2.90 331.54 2.36
1481041054.31 0.15 4.20 224.13 3.85
1481041058.31 0.10 4.20 336.20 3.90
1481041062.31 0.16 3.33 166.41 3.34
1481041065.81 0.09 4.20 373.55 3.91
1481041069.81 0.12 4.20 280.16 3.63
1481041073.56 0.07 2.94 335.65 2.40
1481041076.03 0.11 4.20 305.63 3.67
1481041079.81 0.12 4.20 280.16 3.63
1481041083.56 0.16 3.23 161.39 2.34
1481041086.06 0.10 4.20 336.20 4.57
1481041090.73 0.10 4.20 336.20 3.48
1481041094.31 0.07 2.91 332.30 2.43
1481041096.81 0.16 4.20 210.12 4.62
1481041101.59 0.11 4.20 305.63 2.36
1481041104.06 0.03 0.34 90.04 0.99
1481041105.08 0.08 2.98 297.75 2.65
1481041107.81 0.10 4.20 336.20 4.90
1481041112.81 0.11 4.20 305.63 2.39
1481041115.31 0.11 2.95 214.72 30.05
1481041145.47 0.04 0.02 4.92 45.05
