1480644145.98 0.26 4.20 129.31 3.10
1480644149.34 0.09 2.98 265.06 2.49
1480644151.92 0.12 4.20 280.16 4.86
1480644156.9 0.11 4.20 305.63 3.39
1480644160.4 0.17 2.90 136.60 2.55
1480644163.12 0.10 4.20 336.20 3.41
1480644166.63 0.17 4.55 214.04 4.35
1480644171.15 0.09 2.94 261.41 2.38
1480644173.62 0.10 4.20 336.20 3.68
1480644177.4 0.14 4.20 240.14 3.43
1480644182.4 0.03 0.34 89.37 0.99
1480644183.42 0.09 4.20 373.55 4.81
1480644188.32 0.09 4.20 373.55 3.06
1480644191.47 0.08 2.94 293.86 3.42
1480644194.97 0.12 4.20 280.16 3.38
1480644198.47 0.10 4.20 336.20 3.40
1480644201.97 0.15 2.97 158.62 2.29
1480644204.41 0.02 0.34 135.37 1.04
1480644205.47 0.13 4.20 258.61 4.07
1480644209.67 0.10 4.20 336.20 3.40
1480644213.17 0.09 2.90 257.49 2.36
1480644215.62 0.09 4.20 373.55 4.46
1480644220.17 0.11 4.20 305.63 2.12
1480644222.4 0.03 0.35 92.31 1.24
1480644223.67 0.08 3.08 307.97 2.65
1480644226.4 0.13 4.20 258.61 4.62
1480644231.15 0.11 4.20 305.63 2.65
1480644233.91 0.21 3.06 116.48 3.55
1480644237.67 0.11 4.20 305.63 3.40
1480644241.18 0.12 4.20 280.16 2.1
1480644243.4 0.03 0.35 92.69 1.22
1480644244.65 0.08 3.04 303.99 3.44
1480644248.17 0.14 4.20 240.14 3.36
1480644251.67 0.11 4.20 305.63 3.63
1480644255.41 0.08 3.11 310.75 3.18
1480644258.67 0.19 4.20 176.95 3.66
1480644262.52 0.17 4.20 197.76 3.22
1480644265.91 0.18 3.36 149.37 3.25
1480644269.34 0.13 4.20 258.61 4.68
1480644274.15 0.12 4.20 280.16 2.63
1480644276.9 0.1 2.89 231.22 2.4
1480644279.4 0.12 4.20 280.16 5.05
1480644284.57 0.15 4.54 242.04 3.00
1480644287.72 0.09 2.98 264.87 2.34
1480644290.15 0.13 4.20 258.61 5.12
1480644295.4 0.14 4.20 240.14 3.36
1480644298.9 0.07 2.94 336.08 2.40
1480644301.37 0.09 4.20 373.55 4.94
1480644306.4 0.16 4.55 227.46 2.34
1480644308.9 0.08 2.92 291.71 2.43
1480644311.41 0.09 4.20 373.55 4.94
1480644316.44 0.14 4.20 240.14 3.32
1480644319.9 0.07 2.90 331.57 2.40
1480644322.37 0.10 4.20 336.20 4.93
1480644327.4 0.17 4.54 213.76 3.58
1480644331.15 0.17 2.92 137.43 2.25
1480644333.57 0.15 4.20 224.13 4.43
1480644338.15 0.15 4.20 224.13 3.32
1480644341.62 0.09 2.87 255.52 0.94
1480644342.65 0.03 0.33 89.02 1.04
1480644343.72 0.09 4.20 373.55 5.10
1480644348.91 0.10 4.20 336.20 3.39
1480644352.4 0.07 3.02 344.72 2.45
1480644354.92 0.10 4.20 336.20 4.11
1480644359.13 0.11 4.20 305.63 3.38
1480644362.62 0.10 2.89 231.16 1.19
1480644363.91 0.02 0.34 136.70 1.14
1480644365.07 0.13 4.20 258.61 5.2
1480644370.4 0.11 4.20 305.63 2.26
1480644372.77 0.07 3.04 347.63 2.57
1480644375.41 0.09 4.20 373.55 4.63
1480644380.13 0.11 4.20 305.63 2.17
1480644382.41 0.06 0.35 46.10 1.15
1480644383.62 0.15 2.99 159.31 3.63
1480644387.4 0.11 4.20 305.63 3.90
1480644391.41 0.09 4.20 373.55 2.41
1480644393.91 0.06 3.03 403.46 3.65
1480644397.62 0.13 4.20 258.61 4.65
1480644402.4 0.12 4.20 280.16 2.13
1480644404.65 0.16 3.40 170.14 3.31
1480644408.12 0.13 4.20 258.61 4.65
1480644412.9 0.11 4.20 305.63 3.16
1480644416.17 0.12 2.97 198.30 2.33
1480644418.62 0.16 4.20 210.12 3.63
1480644422.41 0.09 4.20 373.55 2.41
1480644424.91 0.02 0.34 136.01 1.04
1480644425.97 0.08 3.00 299.96 3.29
1480644429.34 0.11 4.20 305.63 3.88
1480644433.33 0.11 4.20 305.63 3.47
1480644436.91 0.12 2.97 197.90 2.37
1480644439.4 0.11 4.20 305.63 4.67
1480644444.18 0.15 4.55 242.46 3.34
1480644447.67 0.08 2.94 293.78 2.65
1480644450.4 0.13 4.20 258.61 4.87
1480644455.4 0.19 4.20 176.95 3.28
1480644458.87 0.07 2.95 337.03 2.38
1480644461.32 0.11 4.20 305.63 3.72
1480644465.15 0.19 4.55 191.40 3.31
1480644468.65 0.09 2.91 258.56 3.43
1480644472.17 0.11 4.20 305.63 3.40
1480644475.68 0.11 4.20 305.63 4.43
1480644480.22 0.08 2.96 295.58 2.11
1480644482.41 0.10 4.20 336.20 3.90
1480644486.41 0.16 4.54 227.00 4.84
1480644491.41 0.15 2.87 153.03 1.96
1480644493.52 0.10 4.20 336.20 4.11
1480644497.73 0.11 4.20 305.63 3.31
1480644501.15 0.07 2.97 339.58 1.19
1480644502.41 0.05 0.34 54.55 1.21
1480644503.67 0.10 4.20 336.20 4.81
1480644508.58 0.10 4.20 336.20 3.39
1480644512.07 0.07 2.87 327.69 2.03
1480644514.17 0.10 4.20 336.20 4.81
1480644519.08 0.11 4.20 305.63 3.38
1480644522.57 0.10 2.96 236.71 1.24
1480644523.91 0.02 0.35 138.96 1.09
1480644525.02 0.09 4.20 373.55 5.30
1480644530.41 0.08 4.20 420.25 3.41
1480644533.9 0.08 3.00 299.91 1.43
1480644535.41 0.10 4.20 336.20 4.90
1480644540.41 0.10 4.20 336.20 2.40
1480644542.91 0.02 0.35 139.50 0.99
1480644543.92 0.09 3.05 271.47 2.71
1480644546.72 0.09 4.20 373.55 4.60
1480644551.41 0.10 4.20 336.20 2.40
1480644553.91 0.08 3.11 310.99 3.23
1480644557.22 0.11 4.20 305.63 4.80
1480644562.13 0.10 4.20 336.20 2.18
1480644564.41 0.02 0.34 136.41 1.19
1480644565.62 0.08 2.97 297.08 2.37
1480644568.07 0.10 4.20 336.20 3.76
1480644571.93 0.07 4.20 480.28 3.42
1480644575.42 0.07 2.98 340.91 3.43
1480644578.92 0.10 4.20 336.20 3.76
1480644582.78 0.14 4.20 240.14 1.99
1480644584.91 0.02 0.34 135.60 0.99
1480644585.92 0.08 2.94 294.08 3.34
1480644589.34 0.10 4.20 336.20 4.97
1480644594.41 0.10 4.20 336.20 3.39
1480644597.9 0.1 2.97 237.50 2.27
1480644600.27 0.09 4.20 373.55 4.55
1480644604.91 0.20 4.55 181.92 2.30
1480644607.41 0.07 2.93 334.70 3.67
1480644611.15 0.11 4.20 305.63 3.72
1480644614.98 0.10 4.20 336.20 3.32
1480644618.4 0.11 2.93 212.95 2.40
1480644620.91 0.10 4.20 336.20 4.47
1480644625.48 0.21 4.54 173.04 3.22
1480644628.91 0.06 2.94 391.44 2.44
1480644631.41 0.15 4.20 224.13 4.77
1480644636.33 0.16 4.20 210.12 2.98
1480644639.47 0.07 2.95 336.79 2.87
1480644642.41 0.17 4.20 197.76 4.58
1480644647.16 0.17 4.54 213.51 3.34
1480644650.67 0.09 2.98 265.07 2.36
1480644653.12 0.08 4.20 420.25 4.95
1480644658.15 0.09 4.20 373.55 2.67
1480644660.91 0.06 2.84 378.89 2.44
1480644663.41 0.16 4.54 227.24 4.61
1480644668.18 0.10 4.20 336.20 3.37
1480644671.65 0.08 2.99 298.90 2.68
1480644674.41 0.10 4.20 336.20 4.65
1480644679.16 0.11 4.20 305.63 2.64
1480644681.91 0.06 3.09 412.55 2.44
1480644684.41 0.02 0.35 140.13 1.22
1480644685.65 0.09 4.20 373.55 3.60
1480644689.34 0.14 4.20 240.14 3.54
1480644693.02 0.09 3.01 267.94 2.30
1480644695.41 0.09 4.20 373.55 4.88
1480644700.38 0.09 4.20 373.55 2.44
1480644702.91 0.06 0.35 46.03 1.25
1480644704.22 0.08 3.07 306.66 2.36
1480644706.66 0.14 4.20 240.14 3.73
1480644710.53 0.10 4.20 336.20 4.77
1480644715.4 0.07 2.93 335.11 2.40
1480644717.87 0.11 4.20 305.63 4.43
1480644722.41 0.11 4.20 305.63 2.14
1480644724.66 0.19 3.29 138.73 2.56
1480644727.41 0.09 4.20 373.55 4.73
1480644732.23 0.12 4.20 280.16 3.30
1480644735.65 0.06 2.97 396.45 3.51
1480644739.22 0.14 4.20 240.14 3.37
1480644742.73 0.15 4.20 224.13 2.03
1480644744.91 0.06 0.35 46.06 1.25
1480644746.22 0.09 2.97 264.41 3.03
1480644749.34 0.09 4.20 373.55 4.15
1480644753.58 0.11 4.20 305.63 3.38
1480644757.07 0.06 2.92 389.53 2.28
1480644759.41 0.10 4.20 336.20 4.57
1480644764.08 0.19 4.55 191.41 3.30
1480644767.57 0.11 2.93 213.25 3.39
1480644771.07 0.10 4.20 336.20 3.41
1480644774.58 0.12 4.20 280.16 4.42
1480644779.12 0.08 2.91 290.66 2.37
1480644781.57 0.14 4.20 240.14 4.70
1480644786.41 0.15 4.54 242.01 2.35
1480644788.91 0.18 2.97 131.78 2.32
1480644791.41 0.15 4.20 224.13 4.38
1480644795.94 0.12 4.20 280.16 3.34
1480644799.4 0.1 2.98 238.27 3.42
1480644802.92 0.09 4.20 373.55 3.77
1480644806.78 0.15 4.54 242.18 2.99
1480644809.92 0.07 2.96 338.37 3.78
1480644813.77 0.15 4.20 224.13 3.71
1480644817.63 0.08 4.20 420.25 3.41
1480644821.12 0.09 2.97 264.19 1.20
1480644822.41 0.02 0.34 137.49 1.14
1480644823.57 0.11 4.20 305.63 4.73
1480644828.41 0.11 4.20 305.63 3.39
1480644831.91 0.11 3.07 223.02 2.40
1480644834.42 0.11 4.20 305.63 4.10
1480644838.63 0.08 4.20 420.25 3.41
1480644842.12 0.08 3.03 302.84 2.46
1480644844.66 0.02 0.35 138.73 1.23
1480644845.91 0.18 4.20 186.78 3.39
1480644849.48 0.15 4.20 224.13 3.27
1480644852.9 0.11 3.05 222.04 2.41
1480644855.42 0.10 4.20 336.20 4.81
1480644860.33 0.08 4.20 420.25 2.00
1480644862.41 0.02 0.34 136.37 1.05
1480644863.48 0.06 2.95 393.13 3.43
1480644866.97 0.10 4.20 336.20 3.84
1480644870.91 0.09 4.20 373.55 3.65
1480644874.65 0.09 3.00 266.73 2.38
1480644877.12 0.09 4.20 373.55 5.20
1480644882.41 0.11 4.20 305.63 2.14
1480644884.66 0.16 3.28 164.03 3.15
1480644887.97 0.10 4.20 336.20 3.76
1480644891.83 0.12 4.20 280.16 4.43
1480644896.38 0.11 3.02 219.57 2.34
1480644898.83 0.11 4.20 305.63 3.74
1480644902.68 0.10 4.20 336.20 2.13
1480644904.91 0.02 0.34 137.90 1.25
1480644906.18 0.09 2.96 262.85 3.07
1480644909.34 0.08 4.20 420.25 4.99
1480644914.41 0.09 4.20 373.55 2.16
1480644916.66 0.07 2.91 332.10 3.42
1480644920.15 0.11 4.20 305.63 4.65
1480644924.91 0.17 4.54 213.77 2.33
1480644927.41 0.13 2.92 179.79 3.13
1480644930.67 0.12 4.20 280.16 4.62
1480644935.41 0.13 4.20 258.61 3.18
1480644938.72 0.08 2.96 296.07 2.35
1480644941.15 0.14 4.20 240.14 5.12
1480644946.41 0.16 4.54 226.91 2.09
1480644948.66 0.09 2.97 264.26 3.90
1480644952.65 0.12 4.20 280.16 3.81
1480644956.58 0.11 4.20 305.63 3.03
1480644959.72 0.10 2.98 238.09 2.34
1480644962.16 0.10 4.20 336.20 4.47
1480644966.73 0.16 4.55 227.41 3.26
1480644970.15 0.09 2.97 264.11 3.49
1480644973.73 0.10 4.20 336.20 3.75
1480644977.58 0.12 4.20 280.16 3.37
1480644981.07 0.08 3.05 305.47 2.51
1480644983.66 0.15 4.55 242.76 3.85
1480644987.66 0.16 4.20 210.12 3.59
1480644991.41 0.07 3.00 342.52 3.24
1480644994.72 0.11 4.20 305.63 4.51
1480644999.34 0.11 4.20 305.63 2.46
1480645001.91 0.12 3.06 203.75 2.13
1480645004.16 0.06 0.35 46.35 1.00
1480645005.22 0.18 4.20 186.78 5.01
1480645010.41 0.08 4.20 420.25 2.17
1480645012.66 0.06 2.92 388.69 2.69
1480645015.41 0.09 4.20 373.55 4.78
1480645020.28 0.10 4.20 336.20 2.03
1480645022.41 0.02 0.34 136.17 1.00
1480645023.43 0.09 2.97 263.73 3.40
1480645026.92 0.14 4.20 240.14 3.37
1480645030.43 0.10 4.20 336.20 3.40
1480645033.93 0.09 2.99 265.66 3.76
1480645037.78 0.08 4.20 420.25 3.77
1480645041.63 0.09 4.20 373.55 2.19
1480645043.91 0.02 0.34 137.54 1.20
1480645045.13 0.07 2.96 338.25 2.38
1480645047.58 0.10 4.20 336.20 4.80
1480645052.48 0.08 4.20 420.25 3.35
1480645055.91 0.09 2.95 262.19 2.41
1480645058.41 0.10 4.20 336.20 4.90
1480645063.41 0.10 4.20 336.20 1.90
1480645065.41 0.03 0.34 91.74 1.04
1480645066.48 0.08 2.87 287.26 2.35
1480645068.91 0.09 4.20 373.55 4.48
1480645073.48 0.10 4.20 336.20 3.33
1480645076.91 0.09 2.94 260.92 2.43
1480645079.43 0.10 4.20 336.20 5.13
1480645084.66 0.20 4.54 181.52 3.30
1480645088.16 0.08 2.95 295.43 2.39
1480645090.63 0.09 4.20 373.55 3.69
1480645094.41 0.09 4.20 373.55 3.41
1480645097.91 0.06 3.00 399.63 3.51
1480645101.48 0.12 4.20 280.16 4.81
1480645106.41 0.16 4.54 227.09 2.09
1480645108.66 0.09 2.94 261.64 3.23
1480645111.98 0.08 4.20 420.25 4.60
1480645116.66 0.11 4.20 305.63 2.64
1480645119.41 0.07 2.98 340.50 3.70
1480645123.18 0.11 4.20 305.63 3.39
1480645126.68 0.27 4.55 134.79 3.23
1480645130.18 0.12 3.06 203.84 3.38
1480645133.68 0.09 4.20 373.55 3.76
1480645137.53 0.10 4.20 336.20 3.40
1480645141.03 0.06 2.98 397.24 1.32
1480645142.41 0.03 0.35 92.65 1.04
1480645143.48 0.10 4.20 336.20 5.08
1480645148.66 0.11 4.20 305.63 3.46
1480645152.23 0.07 3.02 344.78 2.38
1480645154.68 0.10 4.20 336.20 3.75
1480645158.53 0.10 4.20 336.20 3.28
1480645161.91 0.11 2.99 217.45 2.39
1480645164.41 0.02 0.34 136.37 1.10
1480645165.53 0.11 4.20 305.63 3.70
1480645169.34 0.08 4.20 420.25 3.46
1480645172.88 0.06 2.98 397.89 2.47
1480645175.41 0.10 4.20 336.20 4.72
1480645180.23 0.14 4.20 240.14 2.04
1480645182.41 0.03 0.34 89.62 1.29
1480645183.73 0.10 2.92 233.54 2.58
1480645186.41 0.10 4.20 336.20 4.90
1480645191.41 0.10 4.20 336.20 3.40
1480645194.91 0.08 2.98 297.90 2.67
1480645197.66 0.09 4.20 373.55 4.16
1480645201.91 0.11 4.20 305.63 2.39
1480645204.41 0.02 0.35 138.68 1.00
1480645205.43 0.09 2.94 261.14 2.36
1480645207.88 0.10 4.20 336.20 3.68
1480645211.66 0.10 4.20 336.20 3.65
1480645215.41 0.11 2.93 213.31 3.21
1480645218.73 0.10 4.20 336.20 4.58
1480645223.41 0.11 4.20 305.63 2.39
1480645225.91 0.03 0.34 90.77 1.19
1480645227.13 0.06 2.93 390.53 2.15
1480645229.34 0.14 4.20 240.14 4.93
1480645234.41 0.09 4.20 373.55 2.16
1480645236.66 0.09 2.96 262.97 3.66
1480645240.41 0.11 4.20 305.63 3.41
1480645243.93 0.17 4.54 213.46 3.33
1480645247.43 0.07 3.01 344.30 2.91
1480645250.41 0.10 4.20 336.20 4.62
1480645255.13 0.10 4.20 336.20 3.40
1480645258.63 0.07 2.97 338.90 2.38
1480645261.08 0.12 4.20 280.16 5.21
1480645266.41 0.15 4.54 242.37 2.35
1480645268.91 0.15 2.92 155.84 2.35
1480645271.41 0.09 4.20 373.55 4.63
1480645276.13 0.19 4.20 176.95 3.31
1480645279.63 0.08 3.14 314.45 3.42
1480645283.13 0.10 4.20 336.20 3.68
1480645286.91 0.20 4.55 181.94 3.30
1480645290.41 0.13 3.02 185.87 2.37
1480645292.91 0.10 4.20 336.20 4.90
1480645297.91 0.12 4.20 280.16 2.63
1480645300.66 0.08 3.01 301.00 2.17
1480645302.91 0.02 0.35 138.64 1.20
1480645304.13 0.11 4.20 305.63 3.67
1480645307.91 0.11 4.20 305.63 3.46
1480645311.48 0.08 3.01 300.61 2.60
1480645314.16 0.11 4.20 305.63 4.91
1480645319.18 0.14 4.20 240.14 3.34
1480645322.66 0.06 2.98 396.82 1.19
1480645323.91 0.02 0.34 135.99 2.23
1480645326.16 0.08 4.20 420.25 3.10
1480645329.34 0.10 4.20 336.20 4.09
1480645333.53 0.07 2.90 331.54 2.31
1480645335.91 0.09 4.20 373.55 3.83
1480645339.83 0.15 4.20 224.13 3.18
1480645343.16 0.03 0.35 92.37 1.19
1480645344.38 0.08 2.98 298.18 2.37
1480645346.83 0.09 4.20 373.55 3.49
1480645350.41 0.12 4.20 280.16 4.88
1480645355.41 0.08 2.94 293.70 2.19
1480645357.68 0.12 4.20 280.16 3.73
1480645361.53 0.17 4.20 197.76 1.96
1480645363.66 0.07 0.34 39.02 0.95
1480645364.68 0.10 2.89 230.91 3.40
1480645368.18 0.14 4.20 240.14 3.71
1480645372.03 0.09 4.20 373.55 3.54
1480645375.66 0.06 2.91 387.69 2.69
1480645378.41 0.16 4.20 210.12 4.84
1480645383.41 0.09 4.20 373.55 2.41
1480645385.91 0.14 3.32 189.44 3.13
1480645389.18 0.09 4.20 373.55 4.64
1480645393.91 0.10 4.20 336.20 3.57
