1480631314.83 2.31 78.34 271.30 1.50
1480631318.64 0.10 4.20 336.20 1.97
1480631320.71 0.07 4.20 480.28 2.36
1480631323.14 0.05 2.80 448.78 1.02
1480631324.21 0.06 4.20 560.33 2.37
1480631326.64 0.07 4.20 480.28 1.18
1480631327.89 0.05 2.80 448.75 1.17
1480631329.11 0.07 4.20 480.28 2.21
1480631331.39 0.07 4.20 480.28 1.15
1480631332.61 0.03 0.34 89.81 1.02
1480631333.66 0.05 2.80 448.18 1.00
1480631334.71 0.07 4.20 480.28 2.36
1480631337.14 0.22 4.20 152.82 1.03
1480631338.39 0.10 2.85 227.72 1.12
1480631339.61 0.11 4.20 305.63 2.18
1480631341.9 0.1 4.20 336.20 2.39
1480631344.39 0.11 4.20 305.63 2.14
1480631346.64 0.17 4.20 197.76 2.08
1480631348.89 0.32 4.20 105.06 0.90
1480631350.11 0.08 4.20 420.25 0.97
1480631351.16 0.03 0.34 90.97 1.02
1480631352.21 0.08 4.20 420.25 2.37
1480631354.66 0.07 3.48 398.01 1.16
1480631355.89 0.16 4.20 210.12 2.09
1480631358.14 0.09 4.20 373.55 2.38
1480631360.61 0.26 6.81 209.39 2.02
1480631362.89 0.09 4.20 373.55 2.16
1480631365.14 0.08 2.57 256.80 1.17
1480631366.39 0.10 4.20 336.20 2.40
1480631368.89 0.11 4.20 305.63 2.11
1480631371.11 0.06 2.55 340.49 1.22
1480631372.39 0.19 4.55 191.57 0.98
1480631373.56 0.11 4.20 305.63 2.22
1480631375.89 0.07 2.91 332.97 1.10
1480631377.06 0.13 4.20 258.61 1.95
1480631379.14 0.21 4.20 160.09 2.04
1480631381.39 0.12 2.82 188.07 1.16
1480631382.67 0.08 4.20 420.25 2.07
1480631384.82 0.08 4.20 420.25 2.31
1480631387.21 0.06 2.82 376.61 1.12
1480631388.39 0.09 4.20 373.55 1.18
1480631389.66 0.10 4.20 336.20 2.13
1480631391.89 0.16 3.14 157.16 1.09
1480631393.14 0.12 4.20 280.16 2.13
1480631395.39 0.13 4.20 258.61 2.19
1480631397.71 0.11 2.84 206.30 1.07
1480631398.89 0.09 4.20 373.55 1.16
1480631400.14 0.09 4.20 373.55 2.16
1480631402.39 0.06 2.66 354.36 1.19
1480631403.64 0.17 4.20 197.76 2.08
1480631405.89 0.12 4.20 280.16 2.38
1480631408.39 0.10 2.69 215.16 1.24
1480631409.73 0.09 4.20 373.55 1.07
1480631410.89 0.17 4.55 213.99 2.08
1480631413.14 0.16 2.59 129.49 0.86
1480631414.16 0.12 4.20 280.16 2.11
1480631416.39 0.11 4.20 305.63 2.39
1480631418.89 0.08 2.77 276.73 1.14
1480631420.11 0.10 4.20 336.20 2.00
1480631422.21 0.10 4.20 336.20 1.09
1480631423.4 0.05 2.76 441.92 1.37
1480631424.82 0.10 4.20 336.20 1.97
1480631426.89 0.08 4.20 420.25 2.42
1480631429.39 0.09 2.61 232.44 1.13
1480631430.61 0.18 4.20 186.78 0.87
1480631431.66 0.03 0.34 90.57 1.02
1480631432.71 0.11 4.20 305.63 1.32
1480631434.14 0.08 2.54 254.44 1.99
1480631436.21 0.11 4.20 305.63 1.07
1480631437.39 0.12 4.20 280.16 2.63
1480631440.14 0.06 2.74 365.33 1.19
1480631441.39 0.09 4.20 373.55 2.08
1480631443.56 0.11 4.20 305.63 2.34
1480631446.01 0.20 6.85 274.16 2.95
1480631449.16 0.16 4.20 210.12 1.07
1480631450.39 0.09 2.81 249.42 1.13
1480631451.61 0.15 4.55 242.46 2.13
1480631453.89 0.11 4.20 305.63 2.15
1480631456.15 0.07 2.79 318.29 0.93
1480631457.15 0.08 4.20 420.25 2.16
1480631459.39 0.09 4.20 373.55 2.28
1480631461.76 0.07 2.69 307.94 0.98
1480631462.81 0.10 4.20 336.20 1.91
1480631464.82 0.09 4.20 373.55 1.24
1480631466.15 0.08 2.81 281.26 2.18
1480631468.41 0.12 4.20 280.16 1.12
1480631469.65 0.10 4.20 336.20 2.39
1480631472.14 0.16 3.16 157.76 1.01
1480631473.31 0.08 4.20 420.25 2.00
1480631475.39 0.11 4.20 305.63 2.36
1480631477.86 0.07 2.80 320.42 0.96
1480631478.89 0.11 4.20 305.63 1.14
1480631480.14 0.09 4.20 373.55 2.41
1480631482.64 0.12 2.81 187.36 1.05
1480631483.81 0.08 4.20 420.25 2.00
1480631485.89 0.08 4.20 420.25 2.17
1480631488.14 0.05 2.57 411.00 1.20
1480631489.39 0.08 4.20 420.25 2.04
1480631491.51 0.18 4.20 186.78 0.95
1480631492.64 0.03 0.33 89.07 1.22
1480631493.89 0.07 2.83 323.95 0.86
1480631494.82 0.10 4.20 336.20 1.22
1480631496.14 0.11 4.20 305.63 2.39
1480631498.64 0.09 2.61 231.77 1.16
1480631499.89 0.10 4.20 336.20 2.40
1480631502.39 0.15 4.20 224.13 1.92
1480631504.46 0.08 2.78 278.39 0.97
1480631505.51 0.10 4.20 336.20 2.28
1480631507.89 0.10 4.20 336.20 1.15
1480631509.14 0.09 2.56 227.51 1.18
1480631510.41 0.11 4.20 305.63 2.12
1480631512.64 0.29 4.54 125.32 1.89
1480631514.82 0.07 2.56 292.25 1.47
1480631516.36 0.09 4.20 373.55 1.19
1480631517.64 0.10 4.20 336.20 2.40
1480631520.14 0.07 2.59 295.60 1.05
1480631521.26 0.17 4.20 197.76 2.21
1480631523.64 0.10 4.20 336.20 1.08
1480631524.82 0.07 2.83 323.17 1.97
1480631526.86 0.14 4.20 240.14 1.14
1480631528.14 0.12 4.20 280.16 2.38
1480631530.64 0.08 2.85 285.12 1.04
1480631531.76 0.19 4.55 191.64 2.19
1480631534.14 0.10 4.20 336.20 2.07
1480631536.31 0.07 2.76 315.63 1.01
1480631537.39 0.15 4.20 224.13 1.92
1480631539.46 0.13 4.20 258.61 2.30
1480631541.89 0.08 2.70 270.03 0.99
1480631542.96 0.21 4.20 160.09 1.22
1480631544.39 0.10 4.20 336.20 2.40
1480631546.89 0.06 2.79 371.96 1.19
1480631548.14 0.09 4.20 373.55 2.08
1480631550.31 0.09 4.20 373.55 0.99
1480631551.39 0.13 2.99 184.08 1.94
1480631553.46 0.13 4.20 258.61 1.30
1480631554.89 0.09 4.20 373.55 2.16
1480631557.14 0.10 2.73 218.36 1.13
1480631558.37 0.09 4.20 373.55 2.18
1480631560.64 0.10 4.20 336.20 2.15
1480631562.89 0.10 4.20 336.20 1.83
1480631564.82 0.07 4.20 480.28 1.50
1480631566.39 0.09 4.20 373.55 2.38
1480631568.86 0.11 4.20 305.63 1.99
1480631570.96 0.11 4.20 305.63 1.07
1480631572.14 0.03 0.34 90.58 1.22
1480631573.39 0.08 3.78 377.57 1.00
1480631574.47 0.12 4.20 280.16 1.97
1480631576.56 0.10 4.20 336.20 2.00
1480631578.66 0.08 2.58 257.70 1.15
1480631579.89 0.11 4.20 305.63 2.14
1480631582.14 0.08 4.20 420.25 2.04
1480631584.26 0.07 2.59 295.43 1.06
1480631585.39 0.13 4.20 258.61 2.59
1480631588.11 0.09 4.20 373.55 0.94
1480631589.14 0.08 4.20 420.25 0.99
1480631590.21 0.03 0.34 91.22 1.02
1480631591.26 0.12 4.20 280.16 2.26
1480631593.64 0.07 4.20 480.28 1.43
1480631595.14 0.11 4.20 305.63 1.96
1480631597.21 0.20 4.20 168.10 2.23
1480631599.64 0.09 3.56 316.86 1.41
1480631601.14 0.09 4.20 373.55 2.28
1480631603.51 0.15 4.20 224.13 2.23
1480631605.89 0.11 2.80 203.63 1.01
1480631607.01 0.13 4.20 258.61 1.25
1480631608.39 0.12 4.20 280.16 2.13
1480631610.64 0.08 2.69 268.52 1.17
1480631611.89 0.25 4.55 145.52 2.00
1480631614.14 0.07 4.20 480.28 30.06
1480631644.27 0.03 0.00 0.00 45.0
