1480645970.92 1.24 15.61 100.70 0.71
1480645972.87 1.17 16.73 114.37 0.55
1480645974.59 0.68 11.96 140.72 5.66
1480645980.93 0.07 1.88 215.19 11.41
1480645992.41 0.13 2.22 136.49 9.87
1480646002.41 0.08 1.90 189.76 11.42
1480646013.91 0.12 2.20 146.87 10.38
1480646024.41 0.17 2.23 105.00 9.83
1480646034.41 0.05 1.88 300.49 11.20
1480646045.66 0.12 2.21 147.65 9.88
1480646055.66 0.05 1.91 305.74 10.45
1480646066.16 0.11 2.22 161.16 11.64
1480646077.91 0.16 1.89 94.37 9.84
1480646087.91 0.12 2.22 148.13 10.13
1480646098.16 0.06 1.86 247.57 10.94
1480646109.16 0.16 2.23 111.43 11.34
1480646120.66 0.05 1.88 300.82 10.20
1480646130.91 0.14 2.22 126.69 9.88
1480646140.93 0.05 1.88 300.01 10.93
1480646151.91 0.12 2.24 149.61 10.38
1480646162.41 0.04 1.87 374.99 11.46
1480646173.91 0.12 2.25 149.75 9.38
1480646183.41 0.12 2.23 148.56 11.38
1480646194.91 0.11 1.88 136.46 9.89
1480646204.91 0.17 2.26 106.21 10.83
1480646215.91 0.09 1.88 166.76 10.41
1480646226.41 0.18 2.23 99.32 11.07
1480646237.66 0.07 1.88 215.05 9.93
1480646247.66 0.14 2.20 125.79 11.61
1480646259.41 0.06 1.89 251.45 9.94
1480646269.41 0.11 2.21 161.04 9.89
1480646279.41 0.10 1.88 150.06 11.42
1480646290.93 0.14 2.22 126.79 9.86
1480646300.93 0.05 1.90 303.82 11.18
1480646312.16 0.12 2.22 147.97 10.13
1480646322.41 0.06 1.90 252.79 10.19
1480646332.66 0.12 2.23 148.62 10.63
1480646343.41 0.16 2.22 111.07 11.09
1480646354.66 0.06 1.92 255.52 10.19
1480646364.91 0.13 2.22 136.38 10.62
1480646375.66 0.04 1.88 375.72 11.21
1480646386.91 0.13 2.22 136.37 10.12
1480646397.16 0.06 1.85 247.11 11.19
1480646408.41 0.13 2.22 136.34 10.12
1480646418.66 0.07 1.88 214.38 10.18
1480646428.91 0.13 2.23 136.93 11.12
1480646440.16 0.06 1.88 251.03 10.44
1480646450.66 0.12 2.22 148.06 9.88
1480646460.66 0.05 1.86 297.25 11.70
1480646472.41 0.14 2.24 127.98 9.86
1480646482.41 0.10 1.89 151.49 11.15
1480646493.66 0.13 2.21 136.23 9.87
1480646503.66 0.13 2.25 138.34 11.37
1480646515.16 0.06 1.88 250.93 10.19
1480646525.41 0.12 2.23 148.52 10.63
1480646536.16 0.08 1.87 186.79 10.42
1480646546.66 0.12 2.21 147.02 10.63
1480646557.41 0.07 1.88 215.00 10.43
1480646567.91 0.11 2.22 161.28 11.14
1480646579.16 0.07 1.89 216.07 10.18
1480646589.41 0.15 2.19 116.81 10.85
1480646600.41 0.07 1.89 215.59 9.68
1480646610.16 0.12 2.22 148.22 10.65
1480646620.93 0.08 1.88 187.65 10.90
1480646631.91 0.14 2.25 128.42 11.36
1480646643.41 0.06 1.86 248.64 9.69
1480646653.16 0.15 2.24 119.44 10.10
1480646663.41 0.12 2.21 147.22 10.88
1480646674.41 0.04 1.89 378.28 10.46
1480646684.91 0.13 2.22 136.67 10.37
1480646695.41 0.06 1.87 249.53 11.19
1480646706.66 0.25 2.22 71.08 10.25
1480646717.16 0.06 1.88 251.14 10.19
1480646727.41 0.12 2.24 149.38 11.38
1480646738.91 0.05 1.86 297.24 10.70
1480646749.66 0.12 2.25 149.89 10.38
1480646760.16 0.06 1.87 249.54 9.94
1480646770.16 0.12 2.23 148.86 10.38
1480646780.66 0.08 1.88 187.81 10.92
1480646791.66 0.15 2.20 117.55 11.10
1480646802.91 0.13 1.91 117.33 10.87
1480646813.91 0.13 2.20 135.62 9.87
1480646823.91 0.17 2.24 105.27 10.83
1480646834.91 0.06 1.87 249.45 9.69
1480646844.66 0.11 2.20 159.98 11.14
1480646855.91 0.05 1.89 302.90 10.45
1480646866.41 0.14 2.23 127.45 11.36
1480646877.91 0.08 1.90 189.56 9.67
1480646887.66 0.16 2.20 109.77 11.59
1480646899.41 0.06 1.91 254.02 10.19
1480646909.66 0.15 2.22 118.50 10.10
1480646919.91 0.07 1.88 214.76 10.95
1480646930.93 0.13 2.22 136.70 9.87
1480646940.93 0.05 1.86 298.34 11.68
1480646952.66 0.12 2.24 149.23 9.88
1480646962.66 0.06 1.88 250.51 10.94
1480646973.66 0.17 2.22 104.63 9.83
1480646983.66 0.11 2.22 161.30 10.89
1480646994.66 0.10 1.85 148.33 10.90
1480647005.66 0.14 2.23 127.53 9.61
1480647015.41 0.07 1.89 215.80 11.68
1480647027.16 0.12 2.24 149.32 10.63
1480647037.91 0.08 1.88 187.77 9.92
1480647047.91 0.08 2.25 224.74 10.92
1480647058.91 0.05 1.88 300.12 9.70
1480647068.66 0.14 2.23 127.45 10.86
1480647079.66 0.05 1.86 297.67 11.22
1480647090.93 0.17 2.22 104.60 9.83
1480647100.93 0.07 1.88 215.00 11.41
1480647112.41 0.13 2.21 136.17 9.62
1480647122.16 0.10 1.89 151.12 11.15
1480647133.41 0.14 2.21 126.02 10.61
1480647144.16 0.12 2.20 146.65 10.38
1480647154.66 0.07 1.87 213.36 9.93
1480647164.66 0.11 2.22 161.52 11.64
1480647176.41 0.04 1.91 381.28 10.21
1480647186.66 0.13 2.21 136.30 11.12
1480647197.91 0.11 1.89 137.70 9.64
1480647207.66 0.19 2.22 93.33 10.81
1480647218.66 0.07 1.88 214.92 10.93
1480647229.66 0.12 2.22 148.17 9.63
1480647239.41 0.06 1.87 248.89 11.19
1480647250.66 0.14 2.20 125.78 10.11
1480647260.91 0.06 1.87 249.12 11.69
1480647272.66 0.11 2.23 162.02 10.39
1480647283.16 0.04 1.88 376.88 10.21
1480647293.41 0.13 2.21 135.95 10.87
1480647304.41 0.13 2.22 136.73 9.62
1480647314.16 0.12 1.88 125.21 10.88
1480647325.16 0.21 2.23 84.85 11.29
1480647336.66 0.07 1.86 212.28 10.68
1480647347.41 0.12 2.25 150.27 9.38
1480647356.91 0.07 1.88 214.40 10.93
1480647367.91 0.12 2.22 148.32 11.38
1480647379.41 0.04 1.88 376.18 9.96
1480647389.41 0.13 2.21 136.21 9.87
1480647399.41 0.07 1.85 211.85 11.43
1480647410.91 0.15 2.23 118.80 9.85
1480647420.91 0.08 1.88 188.31 10.92
1480647431.91 0.14 2.24 127.74 10.11
1480647442.16 0.08 1.87 186.87 10.92
1480647453.16 0.14 2.20 125.61 11.11
1480647464.41 0.12 2.21 147.53 10.13
1480647474.66 0.08 1.88 188.27 10.67
1480647485.41 0.13 2.21 135.99 10.12
1480647495.66 0.07 1.92 219.67 10.93
1480647506.66 0.15 2.21 117.71 11.10
1480647517.91 0.07 1.88 215.21 9.93
1480647527.91 0.13 2.21 136.12 11.12
1480647539.16 0.07 1.87 213.75 10.68
1480647549.91 0.12 2.21 147.32 9.88
1480647559.91 0.05 1.90 304.17 10.97
1480647570.93 0.14 2.23 127.61 9.84
1480647580.91 0.05 1.88 300.09 11.45
1480647592.41 0.13 2.22 136.72 10.37
1480647602.91 0.06 1.86 247.64 10.19
1480647613.16 0.15 2.21 118.05 11.10
1480647624.41 0.15 2.21 117.84 10.10
1480647634.66 0.07 1.88 214.97 11.18
1480647645.91 0.13 2.25 138.60 9.87
1480647655.91 0.07 1.87 213.28 10.93
1480647666.91 0.12 2.22 147.81 9.63
1480647676.66 0.05 1.88 301.09 10.70
1480647687.41 0.13 2.22 136.54 11.12
1480647698.66 0.08 1.86 186.41 10.67
1480647709.41 0.15 2.25 119.75 10.85
1480647720.41 0.09 1.89 168.28 10.41
1480647730.91 0.14 2.22 127.02 9.88
1480647740.93 0.05 1.87 299.56 10.93
1480647751.91 0.13 2.20 135.49 11.12
1480647763.16 0.06 1.87 249.82 30.06
1480647793.28 0.04 3.15 629.15 44.97
