1480620834.99 0.69 12.61 146.17 1.34
1480620837.02 0.27 12.14 359.76 1.08
1480620838.37 0.07 4.20 480.28 2.16
1480620840.6 0.07 4.20 480.28 2.26
1480620842.93 0.06 2.80 373.98 1.11
1480620844.1 0.07 4.20 480.28 2.43
1480620846.6 0.07 4.20 480.28 1.17
1480620847.84 0.05 2.80 448.75 2.04
1480620849.93 0.11 4.20 305.63 1.06
1480620851.1 0.07 4.20 480.28 2.43
1480620853.6 0.16 3.14 156.90 0.85
1480620854.61 0.06 4.20 560.33 2.43
1480620857.1 0.07 4.20 480.28 2.18
1480620859.35 0.05 2.85 455.43 1.03
1480620860.43 0.07 4.20 480.28 2.38
1480620862.88 0.07 4.20 480.28 1.15
1480620864.1 0.07 4.20 480.28 2.18
1480620866.35 0.07 4.20 480.28 2.42
1480620868.84 0.06 4.20 560.33 2.2
1480620871.1 0.13 4.54 279.61 1.10
1480620872.33 0.08 4.20 420.25 2.02
1480620874.43 0.06 3.48 464.35 1.11
1480620875.6 0.07 4.20 480.28 2.43
1480620878.1 0.07 4.20 480.28 2.18
1480620880.35 0.05 2.60 416.43 1.21
1480620881.61 0.06 4.20 560.33 2.18
1480620883.85 0.07 4.20 480.28 2.06
1480620885.98 0.05 2.57 410.88 1.07
1480620887.1 0.07 4.20 480.28 1.18
1480620888.35 0.07 4.20 480.28 2.18
1480620890.6 0.05 2.55 408.59 1.29
1480620891.94 0.16 4.55 227.49 2.0
